5.384069085121154785e-01
3.917771577835083008e-01
1.994805634021759033e-01
3.480123877525329590e-01
5.806201696395874023e-01
4.126848578453063965e-01
2.474333643913269043e-01
3.779320418834686279e-01
2.729529440402984619e-01
4.203080236911773682e-01
-3.426156640052795410e-01
-4.451132416725158691e-01
-8.349978923797607422e-02
2.468415498733520508e-01
1.203136742115020752e-01
3.425488471984863281e-01
6.194201111793518066e-01
6.671204566955566406e-01
5.763455033302307129e-01
9.027198553085327148e-01
9.108569025993347168e-01
8.209301233291625977e-01
1.004564046859741211e+00
1.037099599838256836e+00
1.047161102294921875e+00
9.980916976928710938e-01
1.174478054046630859e+00
7.918974161148071289e-01
6.112858057022094727e-01
4.959057867527008057e-01
4.208127260208129883e-01
8.165383338928222656e-01
7.993722558021545410e-01
8.019796609878540039e-01
7.417862415313720703e-01
5.560017228126525879e-01
8.294092416763305664e-01
6.554872393608093262e-01
7.464414834976196289e-01
7.920925617218017578e-01
8.390739560127258301e-01
1.061233878135681152e+00
9.853919744491577148e-01
6.376838684082031250e-01
5.918974876403808594e-01
3.438368439674377441e-01
5.694881677627563477e-01
6.813782453536987305e-01
8.337888717651367188e-01
6.489299535751342773e-01
5.206556320190429688e-01
3.107376098632812500e-01
1.192927360534667969e-01
5.613971352577209473e-01
3.607310652732849121e-01
4.814291298389434814e-01
6.150243282318115234e-01
4.022263586521148682e-01
8.875217437744140625e-01
8.748664855957031250e-01
9.463332295417785645e-01
3.752671480178833008e-01
3.809433579444885254e-01
2.706962823867797852e-01
4.621763229370117188e-01
2.488421797752380371e-01
3.395690321922302246e-01
-4.313260316848754883e-02
-2.171253561973571777e-01
-1.314839720726013184e-01
2.942874729633331299e-01
-1.214230656623840332e-01
3.165366053581237793e-01
2.970598936080932617e-01
7.196875810623168945e-01
1.626721322536468506e-01
3.619781434535980225e-01
8.792986869812011719e-01
9.501360654830932617e-01
9.424818158149719238e-01
8.974981307983398438e-01
1.189564704895019531e+00
1.087102413177490234e+00
6.404850482940673828e-01
9.934026002883911133e-01
1.303489804267883301e+00
1.351295232772827148e+00
1.160926342010498047e+00
1.134561777114868164e+00
1.311949610710144043e+00
1.375440835952758789e+00
1.124626398086547852e+00
9.344435930252075195e-01
1.166358470916748047e+00
5.059238076210021973e-01
5.955558419227600098e-01
7.769012451171875000e-01
8.900799751281738281e-01
1.029049396514892578e+00
9.310708045959472656e-01
1.093003511428833008e+00
1.017410755157470703e+00
1.247667789459228516e+00
8.577166795730590820e-01
9.195626974105834961e-01
1.126047134399414062e+00
1.412092566490173340e+00
1.437312722206115723e+00
1.210664391517639160e+00
1.219988942146301270e+00
1.174257040023803711e+00
1.038566112518310547e+00
1.377240061759948730e+00
3.696892559528350830e-01
-9.035193920135498047e-02
-1.889492869377136230e-01
6.838858127593994141e-02
8.208343386650085449e-02
2.932927906513214111e-01
3.939594328403472900e-01
4.763576090335845947e-01
2.955815494060516357e-01
-6.914186477661132812e-02
3.988581597805023193e-01
3.886472582817077637e-01
4.255330264568328857e-01
6.150945425033569336e-01
8.810770511627197266e-01
1.151545643806457520e+00
7.952007651329040527e-01
1.187841296195983887e+00
1.375190734863281250e+00
1.383363962173461914e+00
1.344757795333862305e+00
1.318475723266601562e+00
1.501167058944702148e+00
1.064915299415588379e+00
9.700974225997924805e-01
1.245752930641174316e+00
9.679890871047973633e-01
1.228461742401123047e+00
-5.737763643264770508e-01
-7.706278562545776367e-01
5.079083442687988281e-01
9.854156374931335449e-01
-7.947876453399658203e-01
7.443540096282958984e-01
5.695706605911254883e-01
9.206261038780212402e-01
-1.714036226272583008e+00
-1.806824684143066406e+00
-1.171259164810180664e+00
-4.997824430465698242e-01
-1.548666715621948242e+00
-1.474364876747131348e+00
-2.366989135742187500e+00
-1.197387218475341797e+00
-1.066103577613830566e+00
-1.314702272415161133e+00
-1.875642299652099609e+00
-2.512564182281494141e+00
-1.554600238800048828e+00
-7.564604282379150391e-02
2.472598552703857422e-01
2.259869873523712158e-01
4.737591147422790527e-01
8.424729704856872559e-01
8.563430309295654297e-01
1.083634495735168457e+00
1.056478500366210938e+00
1.320871114730834961e+00
1.216681241989135742e+00
8.061765432357788086e-01
1.107213258743286133e+00
1.318468570709228516e+00
1.239772796630859375e+00
1.297371983528137207e+00
1.466463088989257812e+00
9.007151126861572266e-01
1.366031885147094727e+00
9.954881668090820312e-01
1.307334899902343750e+00
1.351027965545654297e+00
4.599923193454742432e-01
8.969639539718627930e-01
1.003130674362182617e+00
1.101960897445678711e+00
5.818433761596679688e-01
9.226663708686828613e-01
7.849197387695312500e-01
8.926740884780883789e-01
1.170537233352661133e+00
1.117141485214233398e+00
7.828146219253540039e-01
9.119175076484680176e-01
5.805272459983825684e-01
3.967493772506713867e-01
5.175338983535766602e-01
-4.219196438789367676e-01
3.415885567665100098e-01
1.716981232166290283e-01
4.271984398365020752e-01
4.438804388046264648e-01
9.685489535331726074e-02
-2.322471141815185547e-01
3.604846596717834473e-01
-2.875691652297973633e-02
7.534492015838623047e-02
-3.101890683174133301e-01
-3.749173879623413086e-01
-2.255532741546630859e+00
-7.879631519317626953e-01
2.655538916587829590e-01
4.628285467624664307e-01
2.702490389347076416e-01
5.333458781242370605e-01
6.754533648490905762e-01
7.463991641998291016e-01
8.651671409606933594e-01
7.043511271476745605e-01
1.042127370834350586e+00
1.277411103248596191e+00
2.802935838699340820e-01
-1.871584415435791016e+00
-2.872646450996398926e-01
7.815800905227661133e-01
5.058633089065551758e-01
1.002367377281188965e+00
7.821861505508422852e-01
4.646068811416625977e-01
3.216805458068847656e-01
-5.017368793487548828e-01
-1.444033741950988770e+00
-1.286532402038574219e+00
-3.366106748580932617e-01
5.665040016174316406e-02
-2.567843198776245117e-01
3.073436915874481201e-01
3.154934048652648926e-01
3.297532796859741211e-01
6.762351989746093750e-01
7.397649288177490234e-01
-3.061310648918151855e-01
-1.404143691062927246e+00
-1.428742408752441406e+00
-8.383630514144897461e-01
-5.324776172637939453e-01
-1.734764575958251953e-01
-2.639171481132507324e-01
3.160510659217834473e-01
7.568604350090026855e-01
9.776873588562011719e-01
5.059739351272583008e-01
5.945228934288024902e-01
-5.140376091003417969e-01
1.805073320865631104e-01
4.329944252967834473e-01
7.816687226295471191e-01
3.289034962654113770e-02
3.507454097270965576e-01
4.803778529167175293e-01
7.446254491806030273e-01
9.383964538574218750e-01
5.012432336807250977e-01
2.127883434295654297e-01
1.157414436340332031e+00
1.255556106567382812e+00
8.572465181350708008e-01
7.952394485473632812e-01
1.922396421432495117e-01
7.295847535133361816e-01
1.931928098201751709e-01
3.798538446426391602e-01
1.973646879196166992e-01
2.181906700134277344e-01
4.092329740524291992e-02
2.797273397445678711e-01
-2.360493540763854980e-01
-3.032930493354797363e-01
-5.760492086410522461e-01
-3.478652238845825195e-02
-5.031863451004028320e-01
-4.844492077827453613e-01
-5.806630849838256836e-01
-1.896733045578002930e-02
-5.820950269699096680e-01
-1.284355521202087402e-01
2.211056649684906006e-01
3.640384078025817871e-01
-8.254150152206420898e-01
-9.165513515472412109e-02
-1.857616305351257324e-01
5.314265489578247070e-01
9.005730152130126953e-01
4.618866741657257080e-01
6.643294095993041992e-01
6.863905191421508789e-01
1.136055946350097656e+00
1.197117805480957031e+00
1.004331588745117188e+00
7.618520259857177734e-01
8.595923781394958496e-01
3.832111656665802002e-01
-2.768620848655700684e-01
-1.053501367568969727e+00
-1.404213070869445801e+00
-7.248317003250122070e-01
-1.907397985458374023e+00
5.575051903724670410e-02
-1.966210842132568359e+00
-9.803801774978637695e-01
-1.514666676521301270e-01
-2.381855845451354980e-01
1.411310136318206787e-01
4.737418889999389648e-01
5.505106449127197266e-01
7.318539619445800781e-01
8.367221355438232422e-01
7.989677786827087402e-01
6.328659057617187500e-01
4.519265592098236084e-01
5.364202857017517090e-01
9.482430219650268555e-01
1.061686038970947266e+00
1.406764745712280273e+00
6.731107234954833984e-01
-1.516448974609375000e+00
5.378901958465576172e-02
3.770266175270080566e-01
-1.993630647659301758e+00
1.109089255332946777e-01
4.640233516693115234e-01
4.106423854827880859e-01
2.879993319511413574e-01
2.783131301403045654e-01
-5.266439914703369141e-02
3.938110172748565674e-01
6.130203008651733398e-01
6.131283044815063477e-01
5.356113314628601074e-01
4.983491599559783936e-01
4.990577399730682373e-01
8.690690398216247559e-01
1.007587313652038574e+00
7.318675518035888672e-01
9.450742602348327637e-01
1.212894439697265625e+00
6.976284384727478027e-01
8.284076452255249023e-01
6.553532481193542480e-01
5.041719675064086914e-01
3.663199841976165771e-01
5.279690027236938477e-01
8.068555593490600586e-01
-3.056550025939941406e-01
-1.113892793655395508e-01
3.833221793174743652e-01
-1.972428560256958008e-01
3.590592741966247559e-02
8.687421083450317383e-01
1.173610925674438477e+00
3.530639410018920898e-02
4.369875192642211914e-01
7.530053853988647461e-01
5.630908012390136719e-01
1.035823464393615723e+00
1.009974002838134766e+00
6.985323429107666016e-01
3.989991843700408936e-01
9.048770666122436523e-01
1.670146942138671875e+00
5.351881384849548340e-01
7.759510278701782227e-01
9.450261592864990234e-01
9.033972620964050293e-01
1.129848241806030273e+00
1.041209220886230469e+00
1.410174369812011719e+00
1.082475185394287109e+00
4.856621921062469482e-01
1.479011178016662598e-01
5.820260643959045410e-01
8.030046820640563965e-01
9.856933355331420898e-01
9.757943153381347656e-01
6.137334704399108887e-01
7.837227582931518555e-01
1.339755058288574219e+00
1.019548892974853516e+00
9.535855650901794434e-01
9.275180697441101074e-01
6.856874227523803711e-01
9.699827432632446289e-01
8.181797266006469727e-01
9.751175045967102051e-01
2.047172784805297852e-01
6.371971368789672852e-01
8.871209621429443359e-01
9.984675049781799316e-01
8.241062164306640625e-01
3.959268927574157715e-01
-2.863626480102539062e-01
1.807725429534912109e-01
5.578679442405700684e-01
8.944873213768005371e-01
2.638846337795257568e-01
3.754149377346038818e-01
3.406022787094116211e-01
-4.556775093078613281e-04
-1.308511257171630859e+00
-1.011481642723083496e+00
1.111713051795959473e-02
2.842864990234375000e-01
6.011924147605895996e-01
3.519303202629089355e-01
-3.227075338363647461e-01
-2.244008183479309082e-01
2.291997969150543213e-01
8.127143979072570801e-02
-1.267628073692321777e+00
7.987475395202636719e-02
4.438778162002563477e-01
3.490910828113555908e-01
-6.242893934249877930e-01
-8.257759809494018555e-01
-8.610424995422363281e-01
-5.363444089889526367e-01
-1.858929991722106934e-01
-4.214628338813781738e-01
-9.769463539123535156e-01
-1.472698807716369629e+00
-1.574475526809692383e+00
-1.261378645896911621e+00
-4.771142005920410156e-01
-2.259141206741333008e-02
9.575253725051879883e-02
-6.705009937286376953e-02
-1.705963611602783203e-01
-7.397010326385498047e-01
-3.040730953216552734e-01
2.891495227813720703e-01
-5.095380544662475586e-01
-4.511805176734924316e-01
5.800125002861022949e-02
2.727869451045989990e-01
8.989976048469543457e-01
5.535666942596435547e-01
-1.881865262985229492e-01
2.026916444301605225e-01
7.097756266593933105e-01
9.462398290634155273e-01
1.118964672088623047e+00
1.086259007453918457e+00
1.204890727996826172e+00
1.130832195281982422e+00
1.116625785827636719e+00
7.673155069351196289e-01
1.085999250411987305e+00
6.717507839202880859e-01
6.435124278068542480e-01
-8.021481037139892578e-01
-1.459485769271850586e+00
-8.528835773468017578e-01
-7.680039405822753906e-01
-1.332135915756225586e+00
-7.159956693649291992e-01
2.562435865402221680e-01
-6.539534330368041992e-01
-2.533956766128540039e-01
-2.144230604171752930e-01
-2.260774970054626465e-01
-1.548267364501953125e+00
-8.293447494506835938e-01
-1.399018764495849609e-01
1.652295291423797607e-01
5.024474859237670898e-02
-8.601211309432983398e-01
-8.446612358093261719e-01
-8.274782896041870117e-01
-1.740164518356323242e+00
-2.105679273605346680e+00
-1.351520776748657227e+00
-1.949248075485229492e+00
-2.155636072158813477e+00
-7.329169511795043945e-01
3.572736084461212158e-01
5.327120423316955566e-01
3.777514994144439697e-01
1.058360040187835693e-01
5.757778882980346680e-01
2.830034494400024414e-02
3.133001923561096191e-01
7.479984760284423828e-01
9.440746903419494629e-01
6.852856278419494629e-01
1.192574024200439453e+00
6.300878524780273438e-01
9.226164221763610840e-01
9.373979568481445312e-01
7.996469736099243164e-01
9.154425859451293945e-01
4.648970961570739746e-01
-1.155078172683715820e+00
-4.934582114219665527e-01
-1.414380073547363281e-01
2.094375193119049072e-01
1.902964413166046143e-01
-7.327930927276611328e-01
-3.636902570724487305e-01
7.784477472305297852e-01
3.819915652275085449e-02
8.524374961853027344e-01
1.264185905456542969e+00
8.587440848350524902e-02
7.962344884872436523e-01
9.948137402534484863e-01
1.312904834747314453e+00
1.434331893920898438e+00
1.256386041641235352e+00
1.291321396827697754e+00
1.136444091796875000e+00
1.306118130683898926e+00
7.353960275650024414e-01
1.590439677238464355e-02
-1.214528083801269531e+00
-6.284108161926269531e-01
4.568794369697570801e-01
9.093450307846069336e-01
-1.277282118797302246e+00
-3.125334382057189941e-01
-8.004099130630493164e-02
4.019722342491149902e-01
7.315815687179565430e-01
6.547499895095825195e-01
-1.284263014793395996e+00
-1.430802702903747559e+00
-5.329847335815429688e-04
-1.210381031036376953e+00
-4.403030872344970703e-01
-1.188443303108215332e+00
-2.383024930953979492e+00
-4.264215826988220215e-01
1.364160776138305664e-01
-3.172106742858886719e-01
3.778914809226989746e-01
7.735409736633300781e-01
7.714761495590209961e-01
4.564020931720733643e-01
7.936546802520751953e-01
8.541151881217956543e-01
-8.163950443267822266e-01
6.220296025276184082e-02
3.573306500911712646e-01
2.429302036762237549e-01
-1.499737501144409180e-01
-1.570263862609863281e+00
-2.072441101074218750e+00
-1.268955469131469727e+00
-6.012085676193237305e-01
-2.324802279472351074e-01
1.508030593395233154e-01
-2.508097887039184570e-02
-1.337313413619995117e+00
-5.864417552947998047e-01
2.392859756946563721e-01
1.759957671165466309e-01
5.093957781791687012e-01
7.600078582763671875e-01
3.418805599212646484e-01
-4.626469612121582031e-01
-4.431989192962646484e-01
6.408102512359619141e-01
9.091780185699462891e-01
6.903251409530639648e-01
9.145010113716125488e-01
2.696681022644042969e-01
7.097586989402770996e-01
4.794444441795349121e-01
5.736175179481506348e-01
2.011738419532775879e-01
3.255718946456909180e-02
-1.071424126625061035e+00
-1.745085716247558594e+00
-2.063673734664916992e+00
-1.814670085906982422e+00
-5.475476980209350586e-01
-4.078541994094848633e-01
-1.283766508102416992e+00
-1.345714807510375977e+00
-6.495060920715332031e-01
-1.560373306274414062e+00
-1.990363359451293945e+00
-1.681277275085449219e+00
-2.060392618179321289e+00
-1.538311481475830078e+00
3.343752026557922363e-01
-3.085995316505432129e-01
-4.513543844223022461e-02
9.895494580268859863e-02
-4.756548404693603516e-01
4.045546948909759521e-01
1.326108574867248535e-01
6.135013699531555176e-01
1.048335313796997070e+00
1.129698753356933594e+00
5.929999947547912598e-01
2.375078797340393066e-01
-4.812246561050415039e-01
7.491499185562133789e-03
3.654024004936218262e-01
4.954268038272857666e-01
4.461275637149810791e-01
-6.579661369323730469e-02
-5.987193584442138672e-01
-1.667175054550170898e+00
-7.183126211166381836e-01
-6.190400123596191406e-01
-7.740210294723510742e-01
-4.353861808776855469e-01
-1.060823917388916016e+00
-2.305846691131591797e+00
-2.363461494445800781e+00
-1.085907697677612305e+00
-5.382335186004638672e-01
-3.276116251945495605e-01
-1.716951847076416016e+00
-9.221671819686889648e-01
-1.914801836013793945e+00
-1.505345106124877930e+00
-1.740740537643432617e+00
-7.967214584350585938e-01
-9.943771362304687500e-01
-1.056729197502136230e+00
-1.186333060264587402e+00
-1.716173410415649414e+00
-2.319598197937011719e-01
4.135376513004302979e-01
6.100001335144042969e-01
6.876952648162841797e-01
5.762332081794738770e-01
5.873243808746337891e-01
6.660009622573852539e-01
4.882486760616302490e-01
6.077303290367126465e-01
-2.671198248863220215e-01
-2.276340961456298828e+00
-1.139372706413269043e+00
-1.675735116004943848e-01
-6.493186950683593750e-01
-4.502568840980529785e-01
-4.018432497978210449e-01
-9.981030225753784180e-02
-4.215502738952636719e-01
-6.770919561386108398e-01
-7.616232633590698242e-01
-1.538504123687744141e+00
-2.134150028228759766e+00
-2.161280870437622070e+00
-1.390572071075439453e+00
-6.336740255355834961e-01
-3.018226623535156250e-01
2.913776934146881104e-01
1.937628388404846191e-01
2.558876276016235352e-01
5.090475082397460938e-01
-1.612902283668518066e-01
2.418568134307861328e-01
2.452425062656402588e-01
6.713355779647827148e-01
3.716320991516113281e-01
8.167669773101806641e-01
2.527424097061157227e-01
7.407740354537963867e-01
8.702266812324523926e-01
2.186892628669738770e-01
5.259770750999450684e-01
7.452135086059570312e-01
8.138107657432556152e-01
-2.661999464035034180e-01
2.386692762374877930e-01
4.735421538352966309e-01
7.152065038681030273e-01
7.248176336288452148e-01
8.211965560913085938e-01
5.835945010185241699e-01
9.129729866981506348e-02
-1.231198906898498535e-01
-1.521868705749511719e-01
-5.473130941390991211e-02
-1.094272136688232422e-01
6.263771653175354004e-01
7.940089702606201172e-01
2.306962311267852783e-01
-1.063885688781738281e-01
-1.506407499313354492e+00
2.459471821784973145e-01
-4.018127918243408203e-03
6.270670294761657715e-01
4.657539725303649902e-01
3.868830800056457520e-01
6.348544359207153320e-02
-3.245932459831237793e-01
-5.274678468704223633e-01
1.007611155509948730e-01
1.444916129112243652e-01
1.910110414028167725e-01
3.372443914413452148e-01
6.793734431266784668e-01
7.037603855133056641e-01
6.110877990722656250e-01
7.645174860954284668e-01
5.196962952613830566e-01
5.548394322395324707e-01
3.844067752361297607e-01
5.218482017517089844e-01
5.853530764579772949e-01
8.690887689590454102e-01
4.174324870109558105e-01
6.559163331985473633e-02
4.499695897102355957e-01
6.108926534652709961e-01
6.061140894889831543e-01
4.461522698402404785e-01
3.897156119346618652e-01
7.451896071434020996e-01
3.164115846157073975e-01
4.799312651157379150e-01
5.527160167694091797e-01
4.535425305366516113e-01
-4.056826829910278320e-01
6.836646795272827148e-02
2.098399996757507324e-01
2.559435367584228516e-01
2.832733988761901855e-01
3.623396158218383789e-01
3.605293035507202148e-01
2.762558460235595703e-01
2.437474727630615234e-01
-2.666610479354858398e-01
-3.329997658729553223e-01
-2.071648240089416504e-01
-7.573055028915405273e-01
1.037965118885040283e-01
7.983540296554565430e-01
7.765233516693115234e-01
1.470870375633239746e-01
-3.382756114006042480e-01
-7.189866304397583008e-01
-4.109461903572082520e-01
1.207693815231323242e-01
3.176207542419433594e-01
2.470823824405670166e-01
4.208167791366577148e-01
-1.537472009658813477e-01
-1.350524663925170898e+00
-1.310998678207397461e+00
-5.731803178787231445e-02
3.423126339912414551e-01
4.080452024936676025e-01
6.923577189445495605e-01
4.062485694885253906e-01
2.325368225574493408e-01
3.142741322517395020e-01
3.829599320888519287e-01
4.775205254554748535e-01
3.636053204536437988e-01
-2.145410180091857910e-01
-6.647746562957763672e-01
1.435789167881011963e-01
1.484272778034210205e-01
3.685890436172485352e-01
3.366065621376037598e-01
8.194774389266967773e-02
2.616989910602569580e-01
1.466713249683380127e-01
-1.287066221237182617e+00
-1.454965114593505859e+00
-1.302055954933166504e+00
1.349813938140869141e-01
2.672024667263031006e-01
9.226691722869873047e-02
5.992426872253417969e-01
7.423494458198547363e-01
8.214770555496215820e-01
5.264523625373840332e-01
-4.387831687927246094e-02
-2.050432562828063965e-01
5.065289139747619629e-02
-3.127956986427307129e-01
-2.032053232192993164e+00
-8.691504001617431641e-01
-8.030762672424316406e-01
-5.547901391983032227e-01
-1.332246422767639160e+00
-2.041708707809448242e+00
-1.434871315956115723e+00
-2.043596506118774414e+00
-2.037824153900146484e+00
-8.979574441909790039e-01
9.113362431526184082e-02
4.892369508743286133e-01
4.485634267330169678e-01
6.319269537925720215e-01
6.334913372993469238e-01
5.636815428733825684e-01
-3.665263652801513672e-01
-3.346955776214599609e-01
3.108754754066467285e-01
3.854476511478424072e-01
-2.065485715866088867e-01
-9.807950258255004883e-01
-6.304495334625244141e-01
2.374795973300933838e-01
4.300857782363891602e-01
8.165228366851806641e-01
8.290883302688598633e-01
6.491003632545471191e-01
8.862348794937133789e-01
1.105118036270141602e+00
1.303171396255493164e+00
1.075869798660278320e+00
7.628895044326782227e-01
1.042741894721984863e+00
1.019293546676635742e+00
1.058267116546630859e+00
4.112694263458251953e-01
6.435301899909973145e-01
8.001083135604858398e-01
8.071227073669433594e-01
7.018690109252929688e-01
7.268346548080444336e-01
5.903250575065612793e-01
9.197958707809448242e-01
7.867233753204345703e-01
5.882960557937622070e-01
8.895503282546997070e-01
4.033046364784240723e-01
5.776408910751342773e-01
5.205219984054565430e-01
3.667919039726257324e-01
6.405572891235351562e-01
8.992193341255187988e-01
9.942589998245239258e-01
4.910389780998229980e-01
5.399799346923828125e-02
3.348521590232849121e-01
-3.247957825660705566e-01
-1.762981891632080078e+00
-1.952581644058227539e+00
-6.004458665847778320e-01
-7.667082548141479492e-01
-2.302562713623046875e+00
-2.199905395507812500e+00
-5.234330892562866211e-01
2.868357896804809570e-01
1.179486513137817383e-02
3.235989212989807129e-01
6.556054949760437012e-01
5.585865378379821777e-01
3.844425678253173828e-01
-4.840717911720275879e-01
-3.201685547828674316e-01
2.675979137420654297e-01
3.337517976760864258e-01
4.918241500854492188e-02
1.795548200607299805e-01
-1.441980004310607910e-01
4.338745474815368652e-01
4.485738277435302734e-01
-3.200803399085998535e-01
-1.276104688644409180e+00
-5.150249004364013672e-01
5.760333538055419922e-01
4.513157606124877930e-01
5.932989716529846191e-01
6.380581855773925781e-01
8.247020244598388672e-01
4.998617768287658691e-01
-8.119095563888549805e-01
-5.603140592575073242e-02
2.800092101097106934e-01
-6.962624788284301758e-01
1.691032648086547852e-01
4.278441071510314941e-01
2.310098409652709961e-01
5.367859601974487305e-01
3.828036189079284668e-01
4.792744219303131104e-01
6.529965996742248535e-01
4.132478833198547363e-01
4.184912145137786865e-01
2.092187404632568359e-01
5.564773082733154297e-01
2.256678938865661621e-01
3.183929324150085449e-01
2.509618699550628662e-01
4.270778298377990723e-01
4.683291316032409668e-01
-7.323912382125854492e-01
-1.731379747390747070e+00
-2.036928653717041016e+00
-5.226787328720092773e-01
-1.379453897476196289e+00
8.094197511672973633e-02
-1.165652275085449219e-02
4.810689091682434082e-01
2.873820662498474121e-01
3.406739234924316406e-01
2.180679142475128174e-01
2.796287834644317627e-01
3.222573995590209961e-01
2.962809503078460693e-01
-4.098531603813171387e-01
1.206723153591156006e-01
-1.530781388282775879e-01
-5.871235132217407227e-01
-1.597338914871215820e+00
-3.870002031326293945e-01
7.380548119544982910e-02
-3.776610493659973145e-01
-1.493778228759765625e-01
-1.380757570266723633e+00
-1.541808128356933594e+00
-5.859010219573974609e-01
-7.352185249328613281e-02
-1.998118758201599121e-01
1.130387783050537109e-01
-2.599253058433532715e-01
-2.772840261459350586e-01
-8.309841156005859375e-02
1.573367118835449219e-01
3.056890964508056641e-01
1.808722317218780518e-01
-8.185789585113525391e-01
-1.882974505424499512e-01
2.906263470649719238e-01
3.236527442932128906e-01
4.503691494464874268e-01
-2.969902753829956055e-02
-1.975282430648803711e-01
-2.697126865386962891e-01
-2.450229525566101074e-01
-2.607684731483459473e-01
-2.304088473320007324e-01
-2.615908980369567871e-01
-3.994597792625427246e-01
2.305977940559387207e-01
5.255228281021118164e-02
5.882012248039245605e-01
1.004403948783874512e+00
8.361672759056091309e-01
9.471649527549743652e-01
8.758890032768249512e-01
9.082801938056945801e-01
7.723534703254699707e-01
3.902925848960876465e-01
1.992642581462860107e-01
2.665556073188781738e-01
-1.693733930587768555e-01
2.810446619987487793e-01
2.138451039791107178e-01
3.745517134666442871e-01
6.575942039489746094e-01
7.236180305480957031e-01
-6.405717134475708008e-01
-1.336086869239807129e+00
2.027156651020050049e-01
-5.453442335128784180e-01
-8.697123527526855469e-01
-2.970176935195922852e-01
-5.032085180282592773e-01
-5.896254777908325195e-01
1.561333537101745605e-01
-2.970916032791137695e-02
-1.266189217567443848e-01
-4.229379296302795410e-01
-4.743933677673339844e-01
-2.772360444068908691e-01
-1.079143166542053223e+00
-2.099127769470214844e+00
-1.495953440666198730e+00
1.038393676280975342e-01
3.081254959106445312e-01
1.674576699733734131e-01
5.347872376441955566e-01
5.558471679687500000e-01
7.915167808532714844e-01
6.277242898941040039e-01
5.190742015838623047e-02
-7.763006687164306641e-01
1.244376599788665771e-01
8.541024923324584961e-01
4.035816192626953125e-01
2.487833499908447266e-01
-5.781220197677612305e-01
-7.973581552505493164e-02
-7.054555416107177734e-02
3.451873064041137695e-01
7.946314811706542969e-01
3.623129427433013916e-01
9.420683383941650391e-01
6.345518827438354492e-01
4.447549283504486084e-01
1.654232442378997803e-01
-2.275745272636413574e-01
-1.864695549011230469e-01
-1.788756251335144043e-01
-8.713901042938232422e-03
4.568267762660980225e-01
6.881865859031677246e-01
3.856137692928314209e-01
8.433465361595153809e-01
1.003526926040649414e+00
1.389502286911010742e+00
1.328471660614013672e+00
1.431052446365356445e+00
1.574223995208740234e+00
1.497960090637207031e-01
9.850278496742248535e-01
8.429580926895141602e-01
9.717282056808471680e-01
6.767877936363220215e-01
4.800457954406738281e-01
8.691449165344238281e-01
4.943450689315795898e-01
3.331254720687866211e-01
1.922827959060668945e-01
3.608250916004180908e-01
-1.776366949081420898e+00
-1.155608296394348145e+00
1.141611039638519287e-01
1.126920580863952637e-01
4.677953124046325684e-01
7.388765811920166016e-01
9.663600921630859375e-01
-5.564458370208740234e-01
-1.960241079330444336e+00
-6.200433969497680664e-01
-7.983918190002441406e-01
-1.217372894287109375e+00
-2.063899040222167969e-01
4.632719159126281738e-01
7.748302221298217773e-01
5.166056752204895020e-01
4.582570493221282959e-01
-1.924235820770263672e-01
2.971307933330535889e-01
6.061583161354064941e-01
5.372072458267211914e-01
5.096185207366943359e-01
7.151092886924743652e-01
8.717058300971984863e-01
5.297561287879943848e-01
1.793007850646972656e-01
4.568150937557220459e-01
-3.606510758399963379e-01
3.441458046436309814e-01
6.261814832687377930e-01
9.656915068626403809e-02
-2.408129572868347168e-01
5.584465265274047852e-01
7.214764356613159180e-01
4.882732033729553223e-01
-2.804738283157348633e-01
-5.963097810745239258e-01
5.348156094551086426e-01
9.851872324943542480e-01
-6.524407863616943359e-02
-1.707199215888977051e-01
3.634395599365234375e-01
7.571626901626586914e-01
8.870086669921875000e-01
8.140660524368286133e-01
-2.090945839881896973e-01
-5.945563316345214844e-03
2.914187908172607422e-01
2.256563603878021240e-01
-1.196863651275634766e+00
7.856953144073486328e-02
1.723591089248657227e-01
4.178898632526397705e-01
3.885807394981384277e-01
-2.075019478797912598e-01
-5.357708930969238281e-01
4.156181216239929199e-02
7.632618546485900879e-01
7.873870134353637695e-01
6.455281972885131836e-01
9.788289666175842285e-01
1.385231018066406250e+00
4.610857367515563965e-02
7.059535980224609375e-01
-2.417749166488647461e-02
5.672532916069030762e-01
-3.686130046844482422e-02
9.651658535003662109e-01
8.657922744750976562e-01
-1.744335293769836426e-01
4.804739356040954590e-01
4.868097007274627686e-01
3.280273079872131348e-01
6.922281980514526367e-01
-6.850075721740722656e-02
9.995654821395874023e-01
1.273555994033813477e+00
2.349275946617126465e-01
-2.583348751068115234e-01
-4.785144925117492676e-01
-5.441859960556030273e-01
-4.498205184936523438e-01
-2.513359785079956055e-01
2.765538692474365234e-01
3.627615272998809814e-01
5.125105977058410645e-01
4.380388855934143066e-01
4.093424379825592041e-01
-6.312251091003417969e-02
6.518456935882568359e-01
5.293335318565368652e-01
1.934549212455749512e-01
7.033822536468505859e-01
2.960976958274841309e-01
8.523429036140441895e-01
5.494199991226196289e-01
7.866525650024414062e-01
-5.507755279541015625e-02
-1.792662143707275391e-01
3.571021258831024170e-01
3.248696923255920410e-01
3.863358795642852783e-01
9.035730361938476562e-02
-2.149603366851806641e-01
8.029115200042724609e-02
6.200733780860900879e-01
6.563944220542907715e-01
1.095462679862976074e+00
8.848788738250732422e-01
6.051793098449707031e-01
9.710375666618347168e-01
1.041771411895751953e+00
1.312276482582092285e+00
9.213836193084716797e-01
1.134727001190185547e+00
-2.203502655029296875e-01
4.209582209587097168e-01
-2.195870280265808105e-01
2.475866675376892090e-01
4.911211133003234863e-01
7.535533905029296875e-01
4.851153194904327393e-01
-4.039367437362670898e-01
-1.293382287025451660e+00
-3.613891601562500000e-01
3.527440428733825684e-01
3.490675091743469238e-01
4.210159182548522949e-01
5.355825424194335938e-01
1.734906435012817383e-01
1.284170448780059814e-01
3.404002785682678223e-01
4.537093639373779297e-01
2.380625307559967041e-01
7.996569871902465820e-01
5.628328919410705566e-01
1.283524513244628906e+00
1.442945003509521484e+00
1.476253628730773926e+00
1.250486612319946289e+00
2.431736588478088379e-01
5.555868148803710938e-03
1.149119138717651367e-01
2.521430253982543945e-01
1.361059844493865967e-01
6.760724782943725586e-01
8.652123808860778809e-01
1.186920166015625000e+00
1.342187047004699707e+00
1.403933048248291016e+00
1.290094375610351562e+00
9.711616039276123047e-01
1.295786142349243164e+00
1.262363553047180176e+00
1.112377643585205078e+00
8.618525862693786621e-01
8.503773212432861328e-01
6.080292463302612305e-01
6.319432854652404785e-01
9.845277070999145508e-01
-1.206158399581909180e-01
2.188191115856170654e-01
4.350746572017669678e-01
-1.382934451103210449e-01
-8.769452571868896484e-02
-1.556674838066101074e-01
1.697634756565093994e-01
-4.484758377075195312e-01
8.880296349525451660e-02
3.009269833564758301e-01
3.780809342861175537e-01
5.180240869522094727e-01
1.400915384292602539e-01
1.648455262184143066e-01
4.322813451290130615e-01
3.285872936248779297e-02
-4.963169693946838379e-01
-1.445070385932922363e+00
-6.444362401962280273e-01
-3.975654840469360352e-01
-9.444934129714965820e-02
1.740997135639190674e-01
-8.273118734359741211e-02
-1.722350120544433594e-01
-2.275993824005126953e-01
-1.262816786766052246e-01
1.014911234378814697e-01
3.598257899284362793e-01
6.176056265830993652e-01
4.043153524398803711e-01
2.320027947425842285e-01
3.718335628509521484e-01
-2.343857288360595703e-02
-7.552349567413330078e-02
-2.218832373619079590e-01
7.252197265625000000e-01
8.773407936096191406e-01
8.158847093582153320e-01
1.141767501831054688e+00
9.961960911750793457e-01
5.599531531333923340e-01
8.024504780769348145e-01
7.466505765914916992e-01
8.870082497596740723e-01
1.072516679763793945e+00
7.963660955429077148e-01
8.163594603538513184e-01
1.019170880317687988e+00
6.464285254478454590e-01
-4.376715421676635742e-02
9.333691000938415527e-02
3.258080780506134033e-01
1.699913442134857178e-01
2.553695440292358398e-01
2.895998954772949219e-02
-6.577985286712646484e-01
-8.667665719985961914e-01
-1.614206314086914062e+00
-1.959899187088012695e+00
-2.033532381057739258e+00
-2.195107221603393555e+00
-1.357849836349487305e+00
-2.810732722282409668e-01
3.900395631790161133e-01
4.647383689880371094e-01
6.411443352699279785e-01
4.999687969684600830e-01
6.729544997215270996e-01
8.967546224594116211e-01
9.187262654304504395e-01
6.677368283271789551e-01
6.558263897895812988e-01
4.633718132972717285e-01
3.904581069946289062e-01
6.660879850387573242e-01
3.179537057876586914e-01
3.181829750537872314e-01
5.577540993690490723e-01
5.956230759620666504e-01
4.747056066989898682e-01
-1.157196760177612305e-01
9.007900953292846680e-02
2.415444552898406982e-01
6.517332792282104492e-01
8.170758485794067383e-01
9.127635955810546875e-01
8.430775403976440430e-01
8.172801733016967773e-01
7.013282775878906250e-01
8.326959609985351562e-01
8.593978881835937500e-01
5.008766055107116699e-01
2.667669057846069336e-01
3.668978214263916016e-01
-7.582825422286987305e-02
2.430206835269927979e-01
7.187297940254211426e-02
3.253864049911499023e-01
-4.287590980529785156e-01
-1.457727551460266113e-01
4.979938268661499023e-03
-2.954934239387512207e-01
-1.002883315086364746e-01
-9.355893135070800781e-01
-1.171988725662231445e+00
-1.085216999053955078e+00
-1.355916500091552734e+00
-1.372918248176574707e+00
-1.031001210212707520e+00
-1.812183856964111328e+00
-2.306654930114746094e+00
-2.377643585205078125e+00
-2.718545198440551758e+00
-1.752158880233764648e+00
-3.379830121994018555e-01
4.661485552787780762e-01
-1.000112533569335938e+00
-8.834034204483032227e-02
-1.004600405693054199e+00
-1.850372552871704102e+00
-6.231480836868286133e-01
-1.944598674774169922e+00
-1.543265104293823242e+00
-4.623152017593383789e-01
2.659509181976318359e-01
3.305870294570922852e-01
-3.027766346931457520e-01
-3.992198109626770020e-01
-1.211217403411865234e+00
-1.384817838668823242e+00
-8.075755834579467773e-01
-3.143672347068786621e-01
-4.865185618400573730e-01
3.742277622222900391e-03
3.805178999900817871e-01
3.820798397064208984e-01
1.568290293216705322e-01
3.537452816963195801e-01
6.462252140045166016e-01
6.725670099258422852e-01
4.503739178180694580e-01
4.033024907112121582e-01
3.006382286548614502e-01
2.397229671478271484e-01
4.728996455669403076e-01
3.602388501167297363e-01
-1.386104941368103027e+00
-1.615153074264526367e+00
-7.579336166381835938e-01
9.176120162010192871e-02
3.918886184692382812e-03
1.975768804550170898e-02
5.737648010253906250e-01
4.775706529617309570e-01
6.606967449188232422e-01
6.411257982254028320e-01
7.066612243652343750e-01
-3.764294981956481934e-01
-1.073206424713134766e+00
-8.429342508316040039e-02
3.429434299468994141e-01
-4.268435239791870117e-01
-6.832915544509887695e-01
-8.770846128463745117e-01
-1.352201581001281738e+00
-1.631524085998535156e+00
-1.051806211471557617e+00
-9.371513128280639648e-01
-9.024667739868164062e-01
-7.325644493103027344e-01
-2.418025732040405273e-01
1.520777046680450439e-01
5.376176834106445312e-01
6.441450119018554688e-02
4.723492264747619629e-02
-8.620885610580444336e-01
-3.954588770866394043e-01
-7.656762599945068359e-01
2.332616448402404785e-01
1.875777840614318848e-01
-2.051174640655517578e-01
2.673687338829040527e-01
-7.122321128845214844e-01
5.749338865280151367e-02
5.028951764106750488e-01
-4.743222594261169434e-01
-4.765392541885375977e-01
-2.866936326026916504e-01
9.217783808708190918e-02
-3.325455188751220703e-01
-1.148100972175598145e+00
-6.778539419174194336e-01
-1.676620244979858398e-01
-3.050838112831115723e-01
-4.120332002639770508e-01
-2.015996575355529785e-01
-9.663424491882324219e-01
-1.498898983001708984e+00
-2.090148925781250000e+00
-2.784424424171447754e-01
2.050625085830688477e-01
5.335410833358764648e-01
8.130140900611877441e-01
4.674386680126190186e-01
-7.529512643814086914e-01
-1.652082204818725586e+00
-2.215734720230102539e+00
-2.886489868164062500e+00
-1.391568183898925781e+00
-1.415426969528198242e+00
-1.047176957130432129e+00
-1.136498689651489258e+00
-7.737150192260742188e-01
-1.295564770698547363e+00
-7.909729480743408203e-01
-1.462459087371826172e+00
-1.197806954383850098e+00
-1.273095011711120605e-01
5.187610983848571777e-01
3.246394097805023193e-01
7.826158404350280762e-02
6.915332078933715820e-01
-6.610113382339477539e-01
-1.514417529106140137e-01
1.085348427295684814e-01
-1.226875185966491699e-01
-5.578237771987915039e-01
-1.033324718475341797e+00
-1.919461488723754883e+00
-2.284358263015747070e+00
-1.736501693725585938e+00
-2.285611391067504883e+00
-1.594853639602661133e+00
-6.975833177566528320e-01
-6.596662998199462891e-01
-2.919194698333740234e-01
-6.816200017929077148e-01
-2.822732329368591309e-01
-1.109175086021423340e-01
4.881645143032073975e-01
-7.945660352706909180e-01
-1.336787939071655273e+00
-1.799822330474853516e+00
-1.973961591720581055e+00
-9.699701070785522461e-01
-1.314187407493591309e+00
-1.697533130645751953e+00
-1.424672961235046387e+00
-1.825189828872680664e+00
-2.196598768234252930e+00
-2.175447940826416016e+00
-1.652721405029296875e+00
-1.313979387283325195e+00
-1.570079326629638672e+00
-2.232717514038085938e+00
-1.960697650909423828e+00
-9.173476696014404297e-01
-7.208718061447143555e-01
-5.860384702682495117e-01
-7.063990831375122070e-01
-1.686424016952514648e+00
-2.815181612968444824e-01
-9.296494722366333008e-02
-2.191811800003051758e-02
6.952151656150817871e-02
-6.394898891448974609e-02
4.705551266670227051e-01
6.507505178451538086e-01
2.182792723178863525e-01
3.970875740051269531e-01
9.717695116996765137e-01
9.222499132156372070e-01
1.184789657592773438e+00
1.234195232391357422e+00
1.215857028961181641e+00
1.011939048767089844e+00
9.718430638313293457e-01
1.140858530998229980e-01
7.294942736625671387e-01
-1.663103699684143066e-01
5.264384150505065918e-01
3.569729626178741455e-01
4.122104644775390625e-01
7.107328772544860840e-01
1.094172716140747070e+00
8.672740459442138672e-01
6.498533487319946289e-01
4.340800046920776367e-01
-3.124684691429138184e-01
-8.418434858322143555e-02
6.258372664451599121e-01
2.966648340225219727e-01
5.866097807884216309e-01
1.725171506404876709e-01
6.165453195571899414e-01
8.166657090187072754e-01
8.927505016326904297e-01
7.477991580963134766e-01
9.510226249694824219e-01
8.049459457397460938e-01
8.222482800483703613e-01
7.186122536659240723e-01
8.000154495239257812e-01
8.091347217559814453e-01
6.959544420242309570e-01
-1.615438461303710938e-01
-9.467806816101074219e-01
-1.153260827064514160e+00
-3.515880703926086426e-01
-4.658764004707336426e-01
-1.687504053115844727e-01
4.976958930492401123e-01
5.304918289184570312e-01
5.882596969604492188e-01
5.460324883460998535e-01
6.470842361450195312e-01
1.200733423233032227e+00
1.089885234832763672e+00
6.392664909362792969e-01
1.114291429519653320e+00
7.274317741394042969e-01
7.539082765579223633e-01
9.727345705032348633e-01
1.323177099227905273e+00
1.042490363121032715e+00
7.686979770660400391e-01
9.777269959449768066e-01
-4.121720790863037109e-02
4.529566466808319092e-01
8.992981910705566406e-01
1.061703920364379883e+00
7.964838743209838867e-01
6.641501188278198242e-01
6.519238948822021484e-01
3.967056870460510254e-01
6.204495429992675781e-01
7.931061387062072754e-01
6.062781810760498047e-01
9.206483364105224609e-01
1.093002557754516602e+00
2.282764315605163574e-01
8.473935127258300781e-01
-9.012770652770996094e-01
-1.080994606018066406e-01
6.494800448417663574e-01
1.015401124954223633e+00
8.174765110015869141e-01
1.065908312797546387e+00
9.566897153854370117e-01
5.811399221420288086e-01
7.626711130142211914e-01
1.239442110061645508e+00
1.245398521423339844e+00
8.558332920074462891e-01
2.795840799808502197e-01
-4.698961973190307617e-01
-1.459987998008728027e+00
-1.760901927947998047e+00
-3.162119984626770020e-01
5.523955821990966797e-01
6.524798870086669922e-01
-5.977908372879028320e-01
-1.731001377105712891e+00
-1.517294168472290039e+00
-3.922797441482543945e-01
-2.895758748054504395e-01
-2.613066434860229492e-01
-2.436621785163879395e-01
-1.503508687019348145e-01
-5.990505218505859375e-02
4.899832904338836670e-01
5.255089402198791504e-01
4.850614964962005615e-01
5.804058909416198730e-01
6.085794568061828613e-01
7.855830192565917969e-01
4.933812320232391357e-01
8.380345106124877930e-01
8.998962640762329102e-01
1.011128902435302734e+00
8.818403482437133789e-01
1.117275595664978027e+00
1.212855935096740723e+00
1.211669921875000000e+00
1.473790109157562256e-01
3.652589619159698486e-01
3.700682818889617920e-01
-6.860293149948120117e-01
-1.517392158508300781e+00
-1.734358072280883789e+00
-2.519504785537719727e+00
-7.104401588439941406e-01
3.972705006599426270e-01
6.957192420959472656e-01
8.445451259613037109e-01
1.076353073120117188e+00
1.096163749694824219e+00
9.171065092086791992e-01
9.270271062850952148e-01
7.783092856407165527e-01
1.001330852508544922e+00
9.548183679580688477e-01
5.362575054168701172e-01
8.893048763275146484e-02
-5.354293584823608398e-01
-1.085747718811035156e+00
-1.475195646286010742e+00
-1.364375472068786621e+00
-5.892202854156494141e-01
-4.257780909538269043e-01
-1.730836033821105957e-01
-1.345902919769287109e+00
-6.407008171081542969e-01
1.847308576107025146e-01
5.176169276237487793e-01
8.786206245422363281e-01
8.207653164863586426e-01
4.046809971332550049e-01
5.841280221939086914e-01
2.211123406887054443e-01
5.128961801528930664e-02
3.533561825752258301e-01
7.607008218765258789e-01
8.245949745178222656e-01
7.824214696884155273e-01
2.954511046409606934e-01
-3.386201858520507812e-01
7.769521474838256836e-01
1.115239977836608887e+00
1.169381499290466309e+00
1.266034126281738281e+00
1.406527996063232422e+00
1.431982994079589844e+00
1.460582017898559570e+00
1.460586428642272949e+00
1.562214255332946777e+00
1.454215764999389648e+00
1.555479526519775391e+00
1.541083455085754395e+00
1.563256859779357910e+00
1.473909139633178711e+00
1.503075242042541504e+00
1.637732386589050293e+00
1.658658385276794434e+00
1.430132627487182617e+00
1.525501489639282227e+00
1.484231948852539062e+00
1.582801818847656250e+00
1.299622535705566406e+00
1.670600295066833496e+00
1.662970423698425293e+00
1.567218542098999023e+00
1.597956180572509766e+00
1.582811355590820312e+00
1.658384203910827637e+00
1.674384593963623047e+00
1.700667977333068848e+00
1.393903017044067383e+00
1.677819728851318359e+00
1.359863281250000000e+00
1.162336349487304688e+00
8.515349030494689941e-02
-1.500237703323364258e+00
-1.748727798461914062e+00
-1.522962570190429688e+00
-2.288571596145629883e+00
3.417838215827941895e-01
6.047475337982177734e-01
7.356761097908020020e-01
6.916868686676025391e-01
7.642716169357299805e-01
8.509496450424194336e-01
9.133874177932739258e-01
9.029299020767211914e-01
2.583524882793426514e-01
4.682544171810150146e-01
5.064657330513000488e-02
2.774211764335632324e-01
6.966103315353393555e-01
-1.423010230064392090e-01
-3.361979126930236816e-01
1.693367362022399902e-01
9.053602218627929688e-01
9.265646338462829590e-01
4.554374516010284424e-01
7.657699584960937500e-01
7.233350872993469238e-01
1.054174184799194336e+00
1.076148629188537598e+00
1.323428392410278320e+00
1.314102292060852051e+00
8.340923190116882324e-01
1.123220920562744141e+00
1.515557289123535156e+00
1.489202737808227539e+00
1.150744438171386719e+00
9.272032380104064941e-01
8.255220651626586914e-01
1.148530960083007812e+00
9.804427623748779297e-01
9.963077306747436523e-01
1.102264642715454102e+00
1.262695789337158203e+00
1.282612800598144531e+00
1.300194382667541504e+00
1.215034961700439453e+00
7.579693794250488281e-01
8.884508609771728516e-01
1.293946146965026855e+00
-9.945826530456542969e-01
-7.919312715530395508e-01
-7.232438325881958008e-01
-1.444941759109497070e-02
-5.425020456314086914e-01
2.138783037662506104e-01
4.223501682281494141e-01
4.489982724189758301e-01
8.557072877883911133e-01
9.126413464546203613e-01
1.057344555854797363e+00
1.365358233451843262e+00
1.448766350746154785e+00
9.890941381454467773e-01
9.449018239974975586e-01
7.872326374053955078e-01
-5.381593704223632812e-01
-8.538326025009155273e-01
-1.381826400756835938e+00
-1.398516774177551270e+00
3.488742411136627197e-01
-1.089138865470886230e+00
-1.398865342140197754e+00
-3.750481605529785156e-01
-3.286078572273254395e-01
-1.200663805007934570e+00
-2.413071632385253906e+00
-1.753349781036376953e+00
-8.492838144302368164e-01
-2.863416075706481934e-01
1.749601662158966064e-01
2.017942965030670166e-01
-4.471468925476074219e-02
-4.036469459533691406e-01
-4.550722241401672363e-01
1.006638407707214355e-01
7.054132819175720215e-01
8.996858596801757812e-01
1.142990589141845703e+00
1.185073614120483398e+00
1.220143079757690430e+00
1.106131315231323242e+00
1.217800021171569824e+00
5.200694203376770020e-01
6.456308364868164062e-01
-7.748007774353027344e-03
5.002499222755432129e-01
7.419757843017578125e-01
4.805732369422912598e-01
6.876034736633300781e-01
1.051423549652099609e+00
1.089702844619750977e+00
4.763067066669464111e-01
1.137693881988525391e+00
9.780923128128051758e-01
8.946387767791748047e-01
3.287582397460937500e-01
4.530815780162811279e-01
2.016928195953369141e-01
3.503366708755493164e-01
2.577926218509674072e-01
-9.054809808731079102e-01
-5.506250858306884766e-01
-1.440426945686340332e+00
-1.545145034790039062e+00
-7.458599805831909180e-01
-3.269540071487426758e-01
-2.708610892295837402e-01
-1.632455110549926758e+00
-2.220601439476013184e-01
-5.939650535583496094e-01
-1.460681676864624023e+00
-1.328242421150207520e-01
1.660759747028350830e-01
-1.426990628242492676e-01
3.962045907974243164e-02
-5.239803791046142578e-01
-3.899781107902526855e-01
2.921129465103149414e-01
-4.054391980171203613e-01
-8.231849670410156250e-01
-1.434883832931518555e+00
-8.232337236404418945e-01
-1.276628971099853516e+00
-1.480205655097961426e-01
-1.745352506637573242e+00
-6.031504869461059570e-01
-1.238782167434692383e+00
-1.010814070701599121e+00
7.122057676315307617e-02
8.854429721832275391e-01
9.931852817535400391e-01
1.118272066116333008e+00
9.988316297531127930e-01
9.406658411026000977e-01
7.426851987838745117e-02
-7.852596044540405273e-01
-2.319898605346679688e-01
5.823267698287963867e-01
7.352139353752136230e-01
8.358871340751647949e-01
-1.011394381523132324e+00
-1.162675619125366211e-01
6.945779323577880859e-01
7.132300138473510742e-01
1.093596935272216797e+00
9.744355678558349609e-01
1.139932394027709961e+00
1.091339945793151855e+00
9.262608885765075684e-01
9.861232042312622070e-01
1.024669408798217773e+00
9.093906879425048828e-01
8.075169324874877930e-01
9.117581248283386230e-01
-4.312789440155029297e-01
-2.625834941864013672e-02
6.830971240997314453e-01
9.022854566574096680e-01
3.933601379394531250e-01
-3.729176521301269531e-01
-2.229892969131469727e+00
-4.602829217910766602e-01
3.635462224483489990e-01
-2.371169328689575195e-01
8.823557496070861816e-01
1.043398380279541016e+00
8.355299234390258789e-01
1.532148420810699463e-01
6.900477409362792969e-02
-4.072201251983642578e-02
-3.587538599967956543e-01
4.384090006351470947e-01
9.883177280426025391e-01
7.941104769706726074e-01
6.568237543106079102e-01
8.254466652870178223e-01
7.384201288223266602e-01
8.303798437118530273e-01
7.339951992034912109e-01
-5.404050350189208984e-01
2.023747563362121582e-02
-9.473667144775390625e-01
-1.935229539871215820e+00
-2.212546586990356445e+00
-7.197792530059814453e-01
-1.963273763656616211e+00
-2.066195607185363770e-01
5.737695693969726562e-01
1.013399124145507812e+00
8.214681148529052734e-01
6.356850862503051758e-01
8.354474306106567383e-01
-8.550280332565307617e-02
8.320971727371215820e-01
8.069236278533935547e-01
5.800966620445251465e-01
-5.812107324600219727e-01
-1.238433122634887695e-01
5.326213836669921875e-01
1.901710033416748047e-02
-1.817888021469116211e+00
-3.267176747322082520e-01
-1.139136791229248047e+00
-1.792256236076354980e-01
6.449784040451049805e-01
1.147413253784179688e+00
9.593396186828613281e-01
9.514576196670532227e-01
-5.922501087188720703e-01
-1.436067819595336914e-01
8.138796687126159668e-01
3.294348716735839844e-01
-1.274760246276855469e+00
6.341865658760070801e-02
-1.466631293296813965e-01
-6.090190410614013672e-01
4.089514613151550293e-01
3.535459041595458984e-01
-1.647705316543579102e+00
-1.308539509773254395e+00
-1.919538259506225586e+00
-1.499874591827392578e+00
-3.957819938659667969e-01
-5.200752019882202148e-01
-3.922250270843505859e-01
-3.364919424057006836e-01
-2.806236743927001953e-01
-1.088110804557800293e-01
-1.591175794601440430e-01
7.530599832534790039e-02
-2.383438944816589355e-01
6.157147288322448730e-01
3.081999719142913818e-01
7.136909961700439453e-01
6.707271933555603027e-01
3.329919576644897461e-01
-7.762849330902099609e-03
3.427965641021728516e-01
-2.200281023979187012e-01
-1.074129343032836914e+00
8.919629454612731934e-02
-2.196196913719177246e-01
-2.814193964004516602e-01
1.050046384334564209e-01
-4.847866296768188477e-01
-2.262421250343322754e-01
2.667635083198547363e-01
8.402594923973083496e-01
1.062063455581665039e+00
9.818732142448425293e-01
8.910290002822875977e-01
9.852734804153442383e-01
4.163649082183837891e-01
2.121716439723968506e-01
1.268645823001861572e-01
4.936575889587402344e-03
-6.117653846740722656e-02
3.692623376846313477e-01
4.617283642292022705e-01
3.621550500392913818e-01
-1.678281426429748535e-01
-1.362323760986328125e-03
-1.135758399963378906e+00
-2.382612466812133789e+00
-2.206856727600097656e+00
-2.239214897155761719e+00
-2.221322774887084961e+00
