1.488193869590759277e-02
6.485596895217895508e-01
6.850039958953857422e-01
5.106168985366821289e-01
5.335308313369750977e-01
3.378632664680480957e-01
5.432515740394592285e-01
7.199285030364990234e-01
8.870688676834106445e-01
9.430723190307617188e-01
9.748840332031250000e-01
1.135931253433227539e+00
-1.018871307373046875e+00
-1.378846645355224609e+00
-6.649554967880249023e-01
-1.071124792098999023e+00
-7.063952684402465820e-01
-1.736125707626342773e+00
-6.733146905899047852e-01
1.472896933555603027e-01
2.856903672218322754e-01
5.486416816711425781e-02
3.742767572402954102e-01
-4.898756742477416992e-02
-2.512908935546875000e+00
-2.194075822830200195e+00
1.980032026767730713e-01
8.435301184654235840e-01
1.282061815261840820e+00
6.131137609481811523e-01
4.029881656169891357e-01
-4.247474074363708496e-01
-5.436192750930786133e-01
-6.942186355590820312e-01
1.546961069107055664e-01
9.141350984573364258e-01
9.477303624153137207e-01
3.937785923480987549e-01
1.612394452095031738e-01
-9.540622234344482422e-01
-7.808041572570800781e-02
-6.208522319793701172e-01
-4.469621181488037109e-02
2.808026671409606934e-01
5.640347003936767578e-01
7.780303955078125000e-01
8.234139680862426758e-01
8.082339167594909668e-01
8.914249539375305176e-01
6.292831897735595703e-01
3.186542391777038574e-01
3.109934926033020020e-01
1.644321978092193604e-01
-3.940164446830749512e-01
8.391875028610229492e-02
1.452326178550720215e-01
2.566014528274536133e-01
-4.255242943763732910e-01
-4.506478905677795410e-01
-4.663157463073730469e-01
4.599670171737670898e-01
2.057965695858001709e-01
-3.154832720756530762e-01
6.617894768714904785e-01
1.043075680732727051e+00
7.298668622970581055e-01
8.151026368141174316e-01
5.777834653854370117e-01
4.706475436687469482e-01
1.661761999130249023e-01
6.590623855590820312e-01
3.083395063877105713e-01
-7.615852355957031250e-01
-3.219550848007202148e-01
-3.560322523117065430e-01
-1.321103572845458984e-01
-2.755331993103027344e-01
-3.778349161148071289e-01
1.605147123336791992e-01
6.605592370033264160e-02
2.391465306282043457e-01
-4.972928762435913086e-02
4.433987736701965332e-01
2.164740264415740967e-01
8.207988142967224121e-01
1.051343441009521484e+00
9.350429177284240723e-01
5.645779371261596680e-01
8.299227952957153320e-01
8.390964269638061523e-01
1.038290977478027344e+00
9.970865249633789062e-01
1.245671510696411133e+00
3.984570503234863281e-01
5.758653879165649414e-01
5.419635176658630371e-01
5.113247036933898926e-01
-3.893930315971374512e-01
4.523328840732574463e-01
4.304119348526000977e-01
8.971819877624511719e-01
9.431537389755249023e-01
7.945586442947387695e-01
9.013022184371948242e-01
8.473988175392150879e-01
1.945956647396087646e-01
-1.424442052841186523e+00
-1.305986762046813965e+00
3.517146706581115723e-01
6.470560431480407715e-01
-2.523177266120910645e-01
2.335414588451385498e-01
-2.533499002456665039e-01
-1.435203790664672852e+00
-2.904168963432312012e-01
3.248000144958496094e-01
-7.621353864669799805e-02
3.817690014839172363e-01
5.571976900100708008e-01
7.076447606086730957e-01
9.582645893096923828e-01
1.058376669883728027e+00
-1.155753850936889648e+00
-2.733448147773742676e-01
2.924427390098571777e-01
6.288347244262695312e-01
1.143702387809753418e+00
5.306341052055358887e-01
3.121137619018554688e-01
3.931096196174621582e-01
6.812824606895446777e-01
8.358242511749267578e-01
1.013464212417602539e+00
9.062283039093017578e-01
5.812146663665771484e-01
-1.488645434379577637e+00
-5.714188814163208008e-01
-1.912012338638305664e+00
-1.958447456359863281e+00
-6.602400541305541992e-01
4.658979475498199463e-01
3.500537276268005371e-01
2.991508245468139648e-01
1.802357435226440430e-01
8.640460968017578125e-01
9.105135798454284668e-01
7.055997252464294434e-01
7.529209256172180176e-01
2.667292952537536621e-02
4.792488515377044678e-01
8.588401079177856445e-01
9.442560672760009766e-01
1.206604719161987305e+00
7.514588832855224609e-01
1.108971834182739258e+00
1.060481309890747070e+00
6.896024346351623535e-01
3.980064988136291504e-01
8.767601251602172852e-01
9.124200940132141113e-01
6.893543004989624023e-01
4.926192760467529297e-01
5.224379897117614746e-01
7.635165452957153320e-01
5.810782909393310547e-01
6.827136278152465820e-01
7.027669548988342285e-01
6.281391978263854980e-01
4.675860404968261719e-01
-1.121140122413635254e-01
6.712168455123901367e-02
3.096321225166320801e-01
4.529592394828796387e-01
1.234714090824127197e-01
3.960229456424713135e-01
4.227289557456970215e-01
4.403564035892486572e-01
2.736263275146484375e-01
4.099117219448089600e-01
5.735499262809753418e-01
2.356044054031372070e-01
9.134780764579772949e-01
9.947317838668823242e-01
6.947681903839111328e-01
8.021618127822875977e-01
1.641713380813598633e-01
3.189285397529602051e-01
5.308290123939514160e-01
4.382076859474182129e-01
7.664328217506408691e-01
8.274617195129394531e-01
1.222100496292114258e+00
1.075527667999267578e+00
1.067290067672729492e+00
9.848653078079223633e-01
8.450427055358886719e-01
1.099005341529846191e+00
1.192766189575195312e+00
-5.455014705657958984e-01
-7.687139511108398438e-01
-7.838829755783081055e-01
1.857575774192810059e-01
9.920799732208251953e-01
6.440545320510864258e-01
6.487269401550292969e-01
3.441772460937500000e-01
9.521687030792236328e-02
4.363259077072143555e-01
8.446160554885864258e-01
5.798107981681823730e-01
3.742392957210540771e-01
4.465435147285461426e-01
3.736653923988342285e-01
3.537699580192565918e-01
6.232479214668273926e-02
3.700075149536132812e-01
2.957900762557983398e-01
3.896347284317016602e-01
7.018578052520751953e-01
4.523777067661285400e-01
5.164803266525268555e-01
7.327433824539184570e-01
1.137946605682373047e+00
1.138696432113647461e+00
1.155899047851562500e+00
1.550924777984619141e+00
1.247973680496215820e+00
1.065097808837890625e+00
7.982447147369384766e-01
3.094093799591064453e-01
4.528899192810058594e-01
5.381108522415161133e-01
6.769853830337524414e-01
1.035938620567321777e+00
6.895048022270202637e-01
6.712048649787902832e-01
4.413019418716430664e-01
3.458923697471618652e-01
3.568783998489379883e-01
1.211968183517456055e+00
1.071289062500000000e+00
8.435462117195129395e-01
7.419393658638000488e-01
7.197344899177551270e-01
7.093441486358642578e-01
9.629201292991638184e-01
5.713219642639160156e-01
1.014178156852722168e+00
1.178216695785522461e+00
1.017706513404846191e+00
1.135483145713806152e+00
8.703795671463012695e-01
6.282857656478881836e-01
8.619406223297119141e-01
1.329153656959533691e+00
1.341074109077453613e+00
1.055641770362854004e+00
9.812798500061035156e-01
1.142741560935974121e+00
9.892479777336120605e-01
9.384347200393676758e-01
6.408857107162475586e-01
9.849691390991210938e-01
1.115061998367309570e+00
7.244090437889099121e-01
6.823772192001342773e-01
6.402906179428100586e-01
6.884438395500183105e-01
8.972458839416503906e-01
7.042849063873291016e-01
5.779635906219482422e-01
3.131595253944396973e-01
5.973184704780578613e-01
9.243179559707641602e-01
9.779862165451049805e-01
1.461735248565673828e+00
1.309398293495178223e+00
1.342427968978881836e+00
6.997904777526855469e-01
7.029120326042175293e-01
1.039976358413696289e+00
4.405066668987274170e-01
5.869529843330383301e-01
8.463034629821777344e-01
1.005830049514770508e+00
7.007228732109069824e-01
4.421173036098480225e-01
6.304067373275756836e-01
4.560059309005737305e-01
-3.454647064208984375e-01
3.028196990489959717e-01
3.209404945373535156e-01
8.074126243591308594e-01
8.766680955886840820e-01
9.153729081153869629e-01
8.480359911918640137e-01
8.470543622970581055e-01
1.653634309768676758e-01
8.309895992279052734e-01
8.678136467933654785e-01
9.820262193679809570e-01
-4.319328665733337402e-01
5.394864082336425781e-02
4.077672958374023438e-01
5.806893110275268555e-01
1.155170917510986328e+00
1.255387306213378906e+00
1.047894716262817383e+00
-2.692967057228088379e-01
-6.163731813430786133e-01
2.025090157985687256e-01
-7.541542053222656250e-01
2.716968357563018799e-01
1.132701039314270020e-01
-4.913973808288574219e-01
4.961723387241363525e-01
7.154688835144042969e-01
4.587329030036926270e-01
-4.443064928054809570e-01
-1.583236217498779297e+00
-1.618822097778320312e+00
-1.012980580329895020e+00
-1.422172784805297852e+00
-8.913218975067138672e-02
-7.169868946075439453e-01
2.288443446159362793e-01
4.793272614479064941e-01
4.144739210605621338e-01
8.341516256332397461e-01
3.551387190818786621e-01
-9.991919994354248047e-01
-1.117311120033264160e+00
-2.472754240036010742e+00
2.279256880283355713e-01
9.416181445121765137e-01
1.379877448081970215e+00
1.453072786331176758e+00
6.992359161376953125e-01
2.072378993034362793e-01
6.507633924484252930e-01
2.760453820228576660e-01
-8.199435472488403320e-02
-2.143370509147644043e-01
-2.551199197769165039e+00
-1.967613697052001953e+00
-4.829971790313720703e-01
2.028922438621520996e-01
2.056992053985595703e-02
2.707532644271850586e-01
5.782118439674377441e-01
-2.364511013031005859e+00
-9.900395870208740234e-01
-1.261410355567932129e+00
-2.667810916900634766e+00
-7.949924468994140625e-01
-3.195569515228271484e-01
-1.162372231483459473e-01
-1.706465005874633789e+00
-6.746537685394287109e-01
-2.148658633232116699e-01
2.027988433837890625e-03
3.166696429252624512e-02
3.084502220153808594e-01
-3.042012453079223633e-02
1.286582350730895996e-01
4.831313788890838623e-01
5.315340757369995117e-01
7.998194694519042969e-01
-1.795004844665527344e+00
-1.648834466934204102e+00
-2.674284577369689941e-01
4.303191900253295898e-01
1.866873800754547119e-01
-4.094839096069335938e-05
-1.338385343551635742e-01
-8.087701797485351562e-01
-1.129896640777587891e+00
-1.915820121765136719e+00
-1.560188055038452148e+00
-1.380931019783020020e+00
-5.032092332839965820e-01
3.548425436019897461e-02
-2.048307180404663086e+00
-1.726260185241699219e-01
-1.711550951004028320e+00
-1.496756672859191895e+00
-4.008904695510864258e-01
2.015596032142639160e-01
5.432443618774414062e-01
-6.260155439376831055e-01
-1.846211671829223633e+00
-1.328110098838806152e-01
1.517492234706878662e-01
3.908238708972930908e-01
-1.781354665756225586e+00
-1.229717493057250977e+00
1.734907925128936768e-01
3.531960248947143555e-01
-4.895688295364379883e-01
1.428276598453521729e-01
5.492174625396728516e-01
-2.587421894073486328e+00
-2.537111282348632812e+00
-3.266720175743103027e-01
6.180247664451599121e-01
1.437059879302978516e+00
1.271531820297241211e+00
1.221545457839965820e+00
1.371324062347412109e+00
-1.355607867240905762e+00
-1.677624940872192383e+00
-3.978992104530334473e-01
-2.536686420440673828e+00
-1.633750677108764648e+00
-2.583897590637207031e+00
-9.727083444595336914e-01
-1.308777928352355957e+00
-1.510201096534729004e-01
5.438850522041320801e-01
3.124012947082519531e-01
-1.164993047714233398e-01
5.833983421325683594e-01
4.373247325420379639e-01
-3.863627314567565918e-01
1.123556494712829590e-01
-8.844237327575683594e-01
-1.452417731285095215e+00
-4.807670712471008301e-01
-1.501134634017944336e+00
-1.728269100189208984e+00
-2.594748258590698242e+00
-1.949754238128662109e+00
-1.987652301788330078e+00
-7.046670913696289062e-01
-4.943387508392333984e-01
-5.379800796508789062e-01
4.307216405868530273e-01
3.962477743625640869e-01
5.710636377334594727e-01
7.487264275550842285e-01
1.014942169189453125e+00
9.031903743743896484e-02
3.600958287715911865e-01
5.740411281585693359e-01
4.305936694145202637e-01
-4.444121122360229492e-01
-8.184581995010375977e-02
3.507720828056335449e-01
3.441286087036132812e-01
9.070281982421875000e-01
2.669072151184082031e-02
-3.367047309875488281e-01
-4.959465265274047852e-01
2.146247923374176025e-01
-2.265825867652893066e-01
-4.773751497268676758e-01
2.793964147567749023e-01
-6.009087562561035156e-01
-1.567565441131591797e+00
-1.279110312461853027e-01
5.279436111450195312e-01
1.294073581695556641e+00
1.728340625762939453e+00
1.039733171463012695e+00
1.202261090278625488e+00
4.918287992477416992e-01
1.163927078247070312e+00
8.994681239128112793e-01
3.502889871597290039e-01
5.969356298446655273e-01
1.208703041076660156e+00
1.508674621582031250e+00
1.535251259803771973e+00
1.619784116744995117e+00
1.462213754653930664e+00
1.462404251098632812e+00
1.506417393684387207e+00
1.663055658340454102e+00
1.721191048622131348e+00
1.451172113418579102e+00
1.227966308593750000e+00
1.025516271591186523e+00
7.285091280937194824e-01
8.811881542205810547e-01
6.620177626609802246e-02
-9.076613187789916992e-02
3.292553722858428955e-01
2.539011240005493164e-01
5.735123157501220703e-01
8.207659125328063965e-01
7.365328073501586914e-01
1.087824821472167969e+00
1.228032588958740234e+00
6.107591986656188965e-01
9.908524751663208008e-01
1.264078140258789062e+00
1.012618780136108398e+00
1.065448045730590820e+00
1.175617218017578125e+00
4.322195351123809814e-01
1.233156919479370117e+00
1.150312900543212891e+00
1.586074233055114746e+00
1.307291626930236816e+00
9.800183176994323730e-01
9.721373915672302246e-01
1.194916725158691406e+00
1.305380940437316895e+00
1.440276145935058594e+00
1.617607474327087402e+00
1.642639160156250000e+00
1.538565516471862793e+00
1.627580761909484863e+00
1.384893894195556641e+00
1.607505679130554199e+00
1.301933765411376953e+00
5.342338085174560547e-01
1.166773319244384766e+00
1.423031091690063477e+00
1.303648114204406738e+00
1.258853673934936523e+00
1.542393922805786133e+00
1.409777164459228516e+00
1.315204620361328125e+00
1.418674588203430176e+00
1.391998767852783203e+00
3.511067032814025879e-01
3.121203184127807617e-01
4.804153740406036377e-01
1.057167291641235352e+00
1.072704315185546875e+00
1.331416249275207520e+00
1.376487612724304199e+00
1.347809553146362305e+00
1.482551455497741699e+00
1.771933197975158691e+00
1.878571867942810059e+00
1.615756630897521973e+00
1.612018108367919922e+00
1.055951952934265137e+00
1.175367236137390137e+00
1.490557909011840820e+00
1.194204807281494141e+00
5.043593645095825195e-01
3.449669778347015381e-01
4.532980322837829590e-01
4.273714125156402588e-01
5.075190067291259766e-01
4.107454121112823486e-01
5.064342617988586426e-01
6.074367165565490723e-01
6.923233270645141602e-01
1.200265645980834961e+00
1.324577093124389648e+00
1.452543973922729492e+00
7.037484645843505859e-01
5.408315062522888184e-01
-4.560400247573852539e-01
-4.732090234756469727e-02
4.131104350090026855e-01
1.044723033905029297e+00
1.019089698791503906e+00
9.824069738388061523e-01
7.593762874603271484e-01
6.560404300689697266e-01
4.986692667007446289e-01
6.617459058761596680e-01
9.589984416961669922e-01
1.213987112045288086e+00
1.433335304260253906e+00
1.537065982818603516e+00
1.139726400375366211e+00
1.159140825271606445e+00
9.848626255989074707e-01
3.566729426383972168e-01
-2.978624701499938965e-01
-3.456308245658874512e-01
-4.218140244483947754e-01
-3.669136762619018555e-01
2.979101538658142090e-01
1.199299573898315430e+00
1.216516494750976562e+00
9.633920192718505859e-01
6.354259252548217773e-01
6.801161170005798340e-01
7.208669185638427734e-01
9.340003728866577148e-01
8.054810166358947754e-01
7.655898332595825195e-01
5.387975573539733887e-01
-2.196798920631408691e-01
1.095318794250488281e-01
5.131035447120666504e-01
7.616977691650390625e-01
1.662760972976684570e-02
4.529006779193878174e-01
8.384797573089599609e-01
1.359072446823120117e+00
1.690805077552795410e+00
1.750885009765625000e+00
1.058951020240783691e+00
1.123058319091796875e+00
-4.597127437591552734e-03
5.162001252174377441e-01
1.161952495574951172e+00
3.944493234157562256e-01
4.068961739540100098e-01
1.278022050857543945e+00
1.258728206157684326e-01
1.332377493381500244e-01
1.051198959350585938e+00
3.263536691665649414e-01
3.868752121925354004e-01
1.199111700057983398e+00
1.826780319213867188e+00
1.949051260948181152e+00
1.204781532287597656e+00
1.295493245124816895e+00
1.060445189476013184e+00
1.250479221343994141e+00
4.311210811138153076e-01
5.946446061134338379e-01
8.248731493949890137e-01
7.883266806602478027e-01
1.187087059020996094e+00
1.494915843009948730e+00
1.670101881027221680e+00
1.351637959480285645e+00
1.516846895217895508e+00
1.277291297912597656e+00
1.471698045730590820e+00
1.561790347099304199e+00
1.408470392227172852e+00
9.312540888786315918e-01
1.192961812019348145e+00
1.429433345794677734e+00
4.355524778366088867e-01
1.502359509468078613e-01
3.890286684036254883e-01
3.253364264965057373e-01
4.866900742053985596e-01
5.065724253654479980e-02
6.982575058937072754e-01
1.352466225624084473e+00
1.151320695877075195e+00
9.744219779968261719e-01
7.517411708831787109e-01
6.623699665069580078e-01
1.242815256118774414e+00
6.278160810470581055e-01
2.259533107280731201e-01
6.987459659576416016e-01
6.138017773628234863e-01
3.557860255241394043e-01
8.106272816658020020e-01
6.208553314208984375e-01
7.375931739807128906e-01
9.440898895263671875e-01
9.685507416725158691e-01
6.271898746490478516e-01
5.422393083572387695e-01
7.672922611236572266e-01
1.212922811508178711e+00
1.474139928817749023e+00
1.837861061096191406e+00
1.855334997177124023e+00
1.205917119979858398e+00
-3.287953138351440430e-02
-1.864553689956665039e-01
1.111449301242828369e-01
1.968505978584289551e-01
8.966609835624694824e-02
5.377020239830017090e-01
7.162343859672546387e-01
4.741903245449066162e-01
3.740597963333129883e-01
7.079211473464965820e-01
8.303979039192199707e-01
6.242507100105285645e-01
9.896383285522460938e-01
8.649449348449707031e-01
3.579061627388000488e-01
4.996348023414611816e-01
4.682988822460174561e-01
3.610729277133941650e-01
2.397113740444183350e-01
4.787274599075317383e-01
-7.379257678985595703e-01
1.672582030296325684e-01
2.145689427852630615e-01
-3.425091505050659180e-02
-3.299971222877502441e-01
-1.310227155685424805e+00
-9.087755680084228516e-01
-3.747799992561340332e-01
2.233585715293884277e-01
6.911115646362304688e-01
8.451805114746093750e-01
9.044339656829833984e-01
7.014065980911254883e-01
2.068867981433868408e-01
2.989688217639923096e-01
5.796471238136291504e-01
-3.506958484649658203e-03
5.183993577957153320e-01
4.495972990989685059e-01
3.944334983825683594e-01
-7.658791542053222656e-02
7.283017039299011230e-02
2.146210670471191406e-01
2.864730954170227051e-01
5.284447073936462402e-01
4.034588336944580078e-01
4.578849673271179199e-01
3.987025618553161621e-01
3.039759993553161621e-01
3.027061223983764648e-01
5.490185022354125977e-01
5.718231797218322754e-01
2.793009877204895020e-01
7.798818349838256836e-01
6.365278959274291992e-01
2.374456822872161865e-01
7.708289027214050293e-01
6.903497576713562012e-01
5.809026360511779785e-01
1.106438398361206055e+00
7.053180932998657227e-01
9.671390056610107422e-01
9.490928649902343750e-01
7.864849567413330078e-01
8.570460081100463867e-01
6.803691983222961426e-01
1.032536983489990234e+00
9.400861859321594238e-01
9.678372740745544434e-01
8.954975008964538574e-01
6.902880668640136719e-01
9.076745510101318359e-01
7.567049264907836914e-01
2.857471406459808350e-01
3.563458919525146484e-01
5.548116564750671387e-01
-4.325077533721923828e-01
2.296797931194305420e-01
2.773593664169311523e-01
1.111010015010833740e-01
-3.852877020835876465e-01
-3.049888014793395996e-01
3.072647452354431152e-01
5.270956158638000488e-01
1.038305163383483887e+00
1.435887336730957031e+00
1.325812339782714844e+00
1.392826080322265625e+00
1.336693763732910156e+00
5.451759696006774902e-01
3.073832988739013672e-01
8.363214135169982910e-01
1.047162532806396484e+00
7.827490568161010742e-01
2.753669917583465576e-01
1.014488935470581055e-01
4.962909519672393799e-01
7.922406196594238281e-01
8.299360275268554688e-01
2.879958748817443848e-01
7.667732834815979004e-01
7.955414056777954102e-01
6.417137384414672852e-01
8.848426938056945801e-01
1.421145081520080566e+00
1.383655428886413574e+00
1.267713904380798340e+00
1.342440843582153320e+00
1.067037582397460938e+00
9.533509016036987305e-01
1.609039783477783203e+00
1.446861505508422852e+00
1.027302861213684082e+00
9.078863859176635742e-01
8.984982967376708984e-01
1.048999071121215820e+00
6.622610092163085938e-01
5.884636044502258301e-01
9.615612030029296875e-01
7.684661149978637695e-01
1.309908151626586914e+00
8.306182622909545898e-01
-1.512311100959777832e-01
8.700830340385437012e-01
1.249681711196899414e+00
1.811610817909240723e+00
1.347027420997619629e+00
-1.501600742340087891e+00
-2.437997579574584961e+00
-2.551962137222290039e+00
-2.285276412963867188e+00
8.443659543991088867e-02
-8.485901355743408203e-01
-1.820570230484008789e-02
-3.615367412567138672e-02
7.407612800598144531e-01
6.018280982971191406e-01
4.667689204216003418e-01
1.354354619979858398e+00
7.542243003845214844e-01
8.809270858764648438e-01
8.017721772193908691e-02
5.924938321113586426e-01
9.206770658493041992e-01
1.021831989288330078e+00
1.250000000000000000e+00
1.377415060997009277e+00
1.389961361885070801e+00
7.071197032928466797e-01
1.430118560791015625e+00
1.554827451705932617e+00
1.757946968078613281e+00
1.240107417106628418e+00
1.373635292053222656e+00
8.319008350372314453e-01
1.127418398857116699e+00
1.171862363815307617e+00
1.505349278450012207e+00
1.094727516174316406e+00
9.672935009002685547e-01
5.398936271667480469e-01
1.111817717552185059e+00
1.327414035797119141e+00
1.500768423080444336e+00
1.603417038917541504e+00
1.494635820388793945e+00
1.619057655334472656e+00
1.441593289375305176e+00
1.589287638664245605e+00
1.852591633796691895e+00
1.802145957946777344e+00
1.888867855072021484e+00
1.378307104110717773e+00
6.165128946304321289e-02
7.125276327133178711e-02
-7.011460065841674805e-01
-2.353213071823120117e+00
-1.061970591545104980e-01
7.045454978942871094e-01
7.603909969329833984e-01
7.693791985511779785e-01
1.132410883903503418e+00
1.120540380477905273e+00
-4.890382289886474609e-02
4.119320511817932129e-01
1.824981570243835449e-01
8.156073093414306641e-01
1.098141551017761230e+00
1.064318418502807617e+00
1.029980301856994629e+00
1.276884078979492188e+00
1.266969084739685059e+00
1.474014043807983398e+00
1.224134445190429688e+00
1.336530208587646484e+00
9.595370292663574219e-01
1.046782016754150391e+00
1.420681953430175781e+00
1.559934616088867188e+00
7.378668785095214844e-01
-2.536661624908447266e-01
4.590362906455993652e-01
-9.450430870056152344e-01
-1.534102916717529297e+00
-2.265606403350830078e+00
-2.342025041580200195e+00
-2.215916395187377930e+00
-2.808642387390136719e+00
-8.526487350463867188e-01
-1.648855209350585938e-01
6.049311757087707520e-01
6.200898885726928711e-01
2.894029021263122559e-01
2.657059431076049805e-01
6.494435071945190430e-01
8.930194973945617676e-01
-2.762736082077026367e-01
-1.984992504119873047e+00
-1.491599440574645996e+00
-2.825649976730346680e-01
1.834459304809570312e-01
5.503670573234558105e-01
1.062988042831420898e-01
3.659126162528991699e-01
7.329528331756591797e-01
8.657333254814147949e-01
4.929037392139434814e-01
-8.465225696563720703e-01
-2.250981330871582031e-01
1.584597229957580566e-01
8.202186226844787598e-02
1.831430494785308838e-01
-1.146631240844726562e-01
5.652087926864624023e-02
5.420987010002136230e-01
-1.682205200195312500e-01
-2.745972871780395508e+00
-2.457306981086730957e-01
-1.516841053962707520e-01
2.711244225502014160e-01
-1.560884714126586914e-01
3.682296872138977051e-01
-2.604973793029785156e+00
-1.197430610656738281e+00
-1.686713695526123047e+00
-1.328099131584167480e+00
-8.057402372360229492e-01
-7.284486293792724609e-01
2.390385866165161133e-01
3.487344384193420410e-01
-2.390025854110717773e+00
-1.089820623397827148e+00
-5.886721611022949219e-01
-9.843263626098632812e-01
-2.665191888809204102e+00
-5.586708784103393555e-01
-1.550459861755371094e-02
8.644276261329650879e-01
1.004122734069824219e+00
5.668721199035644531e-01
9.455025196075439453e-01
-2.340742349624633789e-01
7.550406455993652344e-01
7.741027474403381348e-01
9.939637184143066406e-01
1.112915039062500000e+00
8.402361869812011719e-01
8.743499517440795898e-01
8.122844099998474121e-01
2.864053249359130859e-01
1.290847361087799072e-01
-3.335146903991699219e-01
1.339763104915618896e-01
2.962080836296081543e-01
4.117918610572814941e-01
7.223877906799316406e-01
7.261086702346801758e-01
9.679962992668151855e-01
3.394827842712402344e-01
-4.916423559188842773e-02
3.815943598747253418e-01
6.573375463485717773e-01
7.779802680015563965e-01
1.053700447082519531e+00
1.145370602607727051e+00
-4.957467913627624512e-01
-1.066260933876037598e-01
7.703896760940551758e-01
-1.723091602325439453e+00
-5.911931991577148438e-01
7.239007949829101562e-02
1.284847140312194824e+00
1.471261024475097656e+00
1.535731196403503418e+00
1.549337744712829590e+00
1.751595258712768555e+00
1.672435760498046875e+00
1.412015676498413086e+00
1.219291210174560547e+00
8.892542123794555664e-01
4.973583817481994629e-01
-6.345306634902954102e-01
3.972323238849639893e-01
1.356637954711914062e+00
1.741440057754516602e+00
-3.647277951240539551e-01
-5.386627912521362305e-01
5.329434275627136230e-01
1.060685634613037109e+00
1.314801931381225586e+00
6.025722026824951172e-01
8.338078260421752930e-01
1.034700870513916016e+00
-1.420802354812622070e+00
-1.412584781646728516e-01
9.182494878768920898e-01
5.939505696296691895e-01
2.385867238044738770e-01
7.372168898582458496e-01
1.486051082611083984e+00
1.088854670524597168e+00
1.348055303096771240e-01
-1.501421928405761719e+00
4.241341650485992432e-01
8.457298278808593750e-01
1.355393648147583008e+00
1.332490205764770508e+00
1.183812499046325684e+00
9.047487974166870117e-01
8.813926577568054199e-01
9.815977811813354492e-01
1.087779521942138672e+00
4.472687840461730957e-02
-2.541328668594360352e+00
-6.231946945190429688e-01
-1.729469299316406250e-01
-8.652149438858032227e-01
3.730453848838806152e-01
6.855501532554626465e-01
1.518015563488006592e-01
-1.834768056869506836e-02
9.105068445205688477e-01
1.509304165840148926e+00
1.697905778884887695e+00
8.298168778419494629e-01
1.351416945457458496e+00
1.165716528892517090e+00
1.691783547401428223e+00
1.963727593421936035e+00
-2.639756798744201660e-01
5.947375893592834473e-01
1.730139493942260742e+00
1.465280771255493164e+00
1.402116417884826660e+00
8.071053028106689453e-01
-2.009689211845397949e-01
-5.953502655029296875e-01
6.124362945556640625e-01
-1.602156400680541992e+00
-1.428841590881347656e+00
4.785391688346862793e-01
-9.809564352035522461e-01
-9.330925941467285156e-01
-7.842006683349609375e-01
-6.649781465530395508e-01
-4.630851149559020996e-01
-8.915076255798339844e-01
-8.722226619720458984e-01
-2.466574192047119141e+00
-3.588013052940368652e-01
-9.496575593948364258e-01
-2.707055091857910156e+00
-1.205413579940795898e+00
-2.512190937995910645e-01
-2.431012392044067383e-01
-4.415380954742431641e-02
7.656654715538024902e-02
-1.843968629837036133e+00
-9.831088781356811523e-01
-6.262280941009521484e-01
-4.711887240409851074e-01
5.441994667053222656e-01
-1.213940382003784180e-01
3.110170364379882812e-03
8.132213354110717773e-01
7.934248447418212891e-01
7.300239801406860352e-01
8.642519712448120117e-01
3.899412155151367188e-01
7.753816246986389160e-01
5.788332223892211914e-02
6.939710378646850586e-01
1.102424144744873047e+00
1.049250602722167969e+00
-9.672726392745971680e-01
-1.950985908508300781e+00
-1.313972711563110352e+00
-1.369942545890808105e+00
-1.507349252700805664e+00
-1.624803066253662109e+00
-1.003796696662902832e+00
-1.518864870071411133e+00
4.332015812397003174e-01
-1.486884951591491699e+00
-2.559572935104370117e+00
-1.953669548034667969e+00
-2.612438797950744629e-01
5.274014472961425781e-01
-1.429053783416748047e+00
-1.652670621871948242e+00
-2.774585008621215820e+00
-1.809782743453979492e+00
-4.628750681877136230e-01
-4.831076264381408691e-01
1.903650760650634766e-01
-4.600349664688110352e-01
-9.256608486175537109e-01
-1.056093931198120117e+00
-6.877093315124511719e-01
1.160979568958282471e-01
6.701374053955078125e-02
4.014241993427276611e-01
-6.081726551055908203e-01
-2.415261864662170410e-01
9.911420941352844238e-02
5.842444896697998047e-01
1.244028568267822266e+00
-4.808229804039001465e-01
6.226131319999694824e-01
9.513160586357116699e-01
7.631747722625732422e-01
-6.142455339431762695e-01
-7.782542705535888672e-01
1.842592060565948486e-01
2.109539508819580078e-01
4.087256789207458496e-01
5.010776519775390625e-01
8.452059030532836914e-01
9.895596504211425781e-01
9.230344295501708984e-01
1.261023521423339844e+00
1.205868959426879883e+00
9.788354635238647461e-01
8.873307704925537109e-01
1.205799102783203125e+00
9.291633963584899902e-02
-1.373831391334533691e+00
-4.660944938659667969e-01
-7.881801128387451172e-01
-3.058075904846191406e-02
-1.354243636131286621e+00
-1.441633701324462891e+00
-6.742525100708007812e-01
-1.047221422195434570e-01
-1.129902601242065430e-01
3.489527106285095215e-01
2.185178399085998535e-01
-4.810523986816406250e-01
-1.213702917098999023e+00
-1.755189418792724609e+00
-1.872122764587402344e+00
-7.114884853363037109e-01
1.064520776271820068e-01
2.649787366390228271e-01
-1.187471747398376465e-01
-1.536115646362304688e+00
-2.886245250701904297e-01
-1.627283334732055664e+00
-4.903280735015869141e-02
-8.629273176193237305e-01
-3.829692602157592773e-01
-2.162220954895019531e+00
-1.234874486923217773e+00
7.155260443687438965e-02
-8.800413608551025391e-01
-1.790413856506347656e+00
-7.809596061706542969e-01
-5.709367990493774414e-02
-3.052886128425598145e-01
-1.077619194984436035e+00
-2.832967758178710938e+00
-1.942837953567504883e+00
3.318968415260314941e-02
6.936575174331665039e-01
9.077765941619873047e-01
-2.950317263603210449e-01
3.911300003528594971e-01
1.842492222785949707e-01
-1.510045528411865234e-01
2.555082440376281738e-01
9.283288717269897461e-01
2.148743867874145508e-01
1.012459039688110352e+00
-1.198430061340332031e-01
6.576087474822998047e-01
-6.755079030990600586e-01
-1.302391409873962402e+00
2.739397287368774414e-01
1.087275743484497070e+00
1.080962181091308594e+00
1.182075977325439453e+00
9.173886775970458984e-01
-1.549329996109008789e+00
2.569360733032226562e-01
6.257739663124084473e-01
8.823003768920898438e-01
4.049790799617767334e-01
4.884437620639801025e-01
6.985942125320434570e-01
5.097553133964538574e-01
-2.063135504722595215e-01
-6.870578527450561523e-01
-8.631113767623901367e-01
6.262966990470886230e-01
8.844010233879089355e-01
7.837747335433959961e-01
2.926537394523620605e-02
-1.353310346603393555e-01
-3.503159880638122559e-01
-9.601491689682006836e-02
1.524575054645538330e-01
6.932657361030578613e-01
1.321605443954467773e+00
1.239269018173217773e+00
8.161981105804443359e-01
2.238760888576507568e-01
-2.222837805747985840e-01
5.361479520797729492e-01
1.012202978134155273e+00
8.480247259140014648e-01
1.085017442703247070e+00
5.603067278861999512e-01
4.224559664726257324e-01
9.354919195175170898e-03
-3.163319826126098633e-01
3.351567387580871582e-01
5.149904489517211914e-01
1.865597665309906006e-01
-5.795294046401977539e-02
5.037883520126342773e-01
5.721276998519897461e-01
5.964269042015075684e-01
7.744742035865783691e-01
1.009845256805419922e+00
1.271409988403320312e+00
1.166810035705566406e+00
1.014837026596069336e+00
1.284388661384582520e+00
1.188033819198608398e+00
1.435452580451965332e+00
1.280013561248779297e+00
1.342445373535156250e+00
1.481898546218872070e+00
1.039290428161621094e+00
1.036714673042297363e+00
1.287781715393066406e+00
1.165190458297729492e+00
1.367335319519042969e+00
5.653796195983886719e-01
7.399870157241821289e-01
8.878844380378723145e-01
1.163919568061828613e+00
6.090048551559448242e-01
4.194165766239166260e-01
6.206744909286499023e-02
-1.508551120758056641e+00
-6.700016260147094727e-01
1.928607821464538574e-01
4.013012349605560303e-01
4.532107114791870117e-01
3.437338471412658691e-01
7.816863059997558594e-01
7.864880561828613281e-01
5.302101373672485352e-03
5.307914018630981445e-01
7.680467367172241211e-01
6.958360671997070312e-01
8.044757246971130371e-01
-3.374961614608764648e-01
4.416141510009765625e-01
1.720089614391326904e-01
4.300826489925384521e-01
7.888404726982116699e-01
6.932023167610168457e-01
5.694302916526794434e-01
-1.953343749046325684e-01
3.974181711673736572e-01
6.663720607757568359e-01
8.665983080863952637e-01
9.224483966827392578e-01
1.024219989776611328e+00
8.429373502731323242e-01
7.681849002838134766e-01
1.271470546722412109e+00
9.046849012374877930e-01
1.020581722259521484e+00
1.318483829498291016e+00
1.377233743667602539e+00
1.594385385513305664e+00
1.753854274749755859e+00
1.774283051490783691e+00
1.603297948837280273e+00
1.705795764923095703e+00
1.065078496932983398e+00
1.666123867034912109e+00
1.720062375068664551e+00
1.794411301612854004e+00
1.180983662605285645e+00
6.982946395874023438e-01
6.962032318115234375e-01
7.447239756584167480e-01
8.627401590347290039e-01
1.137136459350585938e+00
1.137074708938598633e+00
1.273362636566162109e+00
8.448534011840820312e-01
-3.501259088516235352e-01
-5.075681209564208984e-01
6.029542088508605957e-01
1.180718660354614258e+00
1.001775503158569336e+00
7.136818170547485352e-01
6.710615158081054688e-01
1.096932411193847656e+00
9.081026911735534668e-01
1.086022973060607910e+00
1.113849639892578125e+00
1.232006072998046875e+00
1.440863132476806641e+00
1.564122676849365234e+00
1.424579501152038574e+00
1.128084897994995117e+00
7.563710212707519531e-01
-2.520715594291687012e-01
1.484287381172180176e-01
4.649271070957183838e-01
8.431061506271362305e-01
1.047227621078491211e+00
1.018264293670654297e+00
7.929325103759765625e-01
5.312840938568115234e-01
2.955645620822906494e-01
6.094060540199279785e-01
1.140414953231811523e+00
-1.740215063095092773e+00
-7.331907749176025391e-03
4.727545976638793945e-01
3.384487628936767578e-01
3.522235155105590820e-01
4.608597755432128906e-01
4.956694245338439941e-01
5.873539447784423828e-01
4.996886253356933594e-01
3.889378905296325684e-01
5.604877471923828125e-01
6.087858080863952637e-01
4.924603998661041260e-01
7.240245342254638672e-01
6.765751838684082031e-01
7.315348386764526367e-01
7.089934349060058594e-01
9.139161705970764160e-01
8.810145854949951172e-01
9.525772929191589355e-01
1.181643605232238770e+00
1.246153712272644043e+00
1.392411589622497559e+00
1.430927753448486328e+00
1.488633990287780762e+00
1.395882844924926758e+00
1.316713809967041016e+00
8.862822055816650391e-01
4.068836271762847900e-01
-5.219717025756835938e-01
-1.198582649230957031e-01
2.232579886913299561e-01
-1.050952076911926270e-01
-1.118298172950744629e-01
3.999724686145782471e-01
1.049596786499023438e+00
1.226028323173522949e+00
8.379371166229248047e-01
-1.360827684402465820e-02
2.417778074741363525e-01
1.301701962947845459e-01
3.232151269912719727e-01
3.614110052585601807e-01
6.170668601989746094e-01
5.674521923065185547e-01
8.162655830383300781e-01
8.887083530426025391e-01
8.836395144462585449e-01
7.224924564361572266e-01
4.532643556594848633e-01
6.378165483474731445e-01
4.359188377857208252e-01
-2.829226851463317871e-01
-6.373054981231689453e-01
-8.035986423492431641e-01
-4.137647747993469238e-01
4.086582064628601074e-01
5.690393447875976562e-01
9.297393560409545898e-01
7.209471464157104492e-01
8.951042890548706055e-01
1.176927566528320312e+00
1.188600778579711914e+00
1.200211048126220703e+00
1.238165855407714844e+00
1.223040819168090820e+00
1.628096938133239746e+00
1.301838636398315430e+00
8.393016457557678223e-01
6.969704031944274902e-01
-6.316806077957153320e-01
-1.051655769348144531e+00
-1.984010338783264160e-01
5.959311127662658691e-02
-6.241214275360107422e-02
5.993095040321350098e-01
1.305221676826477051e+00
-4.905408620834350586e-02
-6.224412918090820312e-01
-3.372692465782165527e-01
-1.005172729492187500e-03
2.746750712394714355e-01
1.828984320163726807e-01
-1.088299751281738281e-01
2.870559096336364746e-01
1.832022368907928467e-01
2.503731548786163330e-01
3.118430972099304199e-01
3.901828527450561523e-01
4.324263930320739746e-01
3.726451396942138672e-01
6.408919095993041992e-01
3.027385175228118896e-01
4.432068765163421631e-01
4.675061702728271484e-01
4.853853285312652588e-01
4.700472056865692139e-01
5.754084587097167969e-01
3.822080194950103760e-01
2.995996475219726562e-01
4.719984233379364014e-01
6.663018465042114258e-01
8.967535495758056641e-01
4.235905706882476807e-01
3.532479405403137207e-01
4.459587931632995605e-01
7.313671112060546875e-01
1.007132530212402344e+00
1.052274942398071289e+00
8.084429502487182617e-01
6.877678632736206055e-01
1.052218198776245117e+00
6.892473697662353516e-01
3.394730091094970703e-01
2.394673228263854980e-01
2.810110449790954590e-01
4.055607318878173828e-01
2.082035839557647705e-01
1.013414263725280762e-01
-1.599488854408264160e-01
2.954044938087463379e-01
7.430175542831420898e-01
1.602207720279693604e-01
4.072275757789611816e-01
3.146436810493469238e-01
5.051634907722473145e-01
4.174154400825500488e-01
-1.399128317832946777e+00
-1.314163804054260254e+00
-6.837993860244750977e-01
-7.877053022384643555e-01
-1.877079486846923828e+00
-1.966052293777465820e+00
-5.936228036880493164e-01
3.866130709648132324e-01
6.192817687988281250e-01
1.141496896743774414e+00
1.141676425933837891e+00
8.307174444198608398e-01
4.702385663986206055e-01
4.134595096111297607e-01
4.269072413444519043e-01
-2.267857193946838379e-01
-4.223806262016296387e-01
-2.593059539794921875e+00
-6.256419420242309570e-02
3.995234370231628418e-01
4.622579813003540039e-01
-1.890291929244995117e+00
-2.482974052429199219e+00
-1.652931690216064453e+00
-1.007391929626464844e+00
-2.635879755020141602e+00
-1.202430605888366699e+00
-1.093838453292846680e+00
-1.136342048645019531e+00
-1.984812974929809570e+00
-9.023747444152832031e-01
-1.108731389045715332e+00
-6.363937854766845703e-01
-9.643360376358032227e-01
-5.430659055709838867e-01
-3.619068861007690430e-01
-6.476722955703735352e-01
-1.504223346710205078e+00
-2.041182041168212891e+00
-2.513126611709594727e+00
-1.532749891281127930e+00
-6.574084758758544922e-01
2.029270827770233154e-01
5.279312133789062500e-01
5.437772274017333984e-01
9.796366691589355469e-01
-5.632089376449584961e-01
-2.656211376190185547e+00
-1.032870411872863770e-01
3.895868659019470215e-01
1.156576871871948242e+00
1.332554101943969727e+00
8.628777265548706055e-01
1.082941770553588867e+00
7.941986918449401855e-01
4.157125949859619141e-01
1.128663897514343262e+00
9.733696579933166504e-01
4.846247732639312744e-01
-5.747662782669067383e-01
6.212388277053833008e-01
9.682980775833129883e-01
5.037141442298889160e-01
8.466256856918334961e-01
4.031693041324615479e-01
-2.617399454116821289e+00
-1.220006346702575684e-01
2.258947491645812988e-02
9.620260000228881836e-01
1.350093007087707520e+00
9.971395134925842285e-01
-2.483918190002441406e+00
-4.061409235000610352e-01
-1.419393777847290039e+00
-3.472145795822143555e-01
-1.633217573165893555e+00
3.935966193675994873e-01
-8.597601652145385742e-01
-1.095584273338317871e+00
-1.749426603317260742e+00
-1.779623985290527344e+00
-1.109657645225524902e+00
-1.885949134826660156e+00
-1.713690280914306641e+00
-1.078022360801696777e+00
-1.332139372825622559e+00
-1.072342395782470703e-01
-5.321738719940185547e-01
-1.033414840698242188e+00
-1.604667663574218750e+00
-1.711138248443603516e+00
-8.883706331253051758e-01
-1.003761291503906250e+00
3.680289983749389648e-01
4.519444108009338379e-01
9.017080068588256836e-02
8.371877670288085938e-02
-1.539749860763549805e+00
-2.550834894180297852e+00
-1.166490912437438965e+00
-2.644757270812988281e+00
-1.894920825958251953e+00
-6.191011667251586914e-01
-2.099989652633666992e+00
-1.173888921737670898e+00
-1.283740639686584473e+00
-1.391062259674072266e+00
-1.394912838935852051e+00
-1.521675348281860352e+00
-2.861611366271972656e+00
-2.944030761718750000e+00
-2.149190902709960938e+00
-2.656969785690307617e+00
-1.745494127273559570e+00
-1.515495300292968750e+00
-7.946654558181762695e-01
-1.113880038261413574e+00
-1.594426631927490234e+00
-1.172256708145141602e+00
-1.026324033737182617e+00
-7.949428558349609375e-01
-5.230849981307983398e-01
-5.873765945434570312e-01
-1.844349622726440430e+00
-1.041747093200683594e+00
-3.295599222183227539e-01
-8.169847726821899414e-02
-1.710333824157714844e-01
-5.259827375411987305e-01
-2.347298860549926758e-01
-4.385727047920227051e-01
-5.748182535171508789e-01
-1.600969314575195312e+00
-3.422475457191467285e-01
-3.125739097595214844e-02
2.733381390571594238e-01
5.266415476799011230e-01
2.026025950908660889e-01
-8.105355501174926758e-02
-2.882871031761169434e-01
-1.395938396453857422e-01
-1.933479309082031250e-02
-3.693331480026245117e-01
-1.226471662521362305e-01
-7.700453996658325195e-01
3.638755083084106445e-01
-4.485121369361877441e-01
-6.805264949798583984e-01
-1.443910002708435059e+00
-1.493321061134338379e-01
-1.355920195579528809e+00
-6.533145904541015625e-02
6.058307290077209473e-01
6.833852529525756836e-01
6.477277874946594238e-01
4.489738047122955322e-01
2.111028134822845459e-01
7.486879825592041016e-02
-3.317785263061523438e-01
-2.589679956436157227e-01
-2.944668531417846680e-01
5.821219086647033691e-02
5.725859403610229492e-01
6.514554023742675781e-01
9.559063911437988281e-01
7.141265273094177246e-01
4.801155626773834229e-01
-4.729987382888793945e-01
-4.392879605293273926e-01
-4.306718111038208008e-01
-3.221763968467712402e-01
-2.490783929824829102e-01
-1.364207267761230469e-02
1.144161522388458252e-01
1.085409820079803467e-01
7.331487536430358887e-02
1.984272003173828125e-01
-2.844628095626831055e-01
-4.439194202423095703e-01
-2.709922194480895996e-01
-2.954863309860229492e-01
-1.868641972541809082e-01
1.124604940414428711e-01
8.395352959632873535e-02
-6.673011779785156250e-01
1.827173531055450439e-01
1.790791749954223633e-03
-2.165448665618896484e-01
-5.248123407363891602e-01
-1.678371667861938477e+00
-1.242721557617187500e+00
4.629586338996887207e-01
6.911362409591674805e-01
2.906283140182495117e-01
-5.952931642532348633e-01
-6.319731473922729492e-01
-6.898149251937866211e-01
-4.640811085700988770e-01
-4.483023285865783691e-01
-2.576776146888732910e-01
-5.196279287338256836e-02
1.346077024936676025e-01
-8.993422985076904297e-02
2.010302245616912842e-01
4.384157359600067139e-01
4.826768934726715088e-01
3.571453094482421875e-01
1.841747164726257324e-01
-3.940986394882202148e-01
1.497240066528320312e-01
2.341684997081756592e-01
2.845153212547302246e-01
-6.702986955642700195e-01
-6.415839195251464844e-01
-2.048889398574829102e-01
-6.127023696899414062e-02
-2.888149023056030273e-02
2.203822135925292969e-03
-7.670638561248779297e-01
-1.328486204147338867e-01
3.767096400260925293e-01
-1.385426521301269531e-02
-5.995415449142456055e-01
-6.780353784561157227e-01
-5.244182348251342773e-01
2.904829382896423340e-02
-8.229471445083618164e-01
-7.356530427932739258e-02
1.373268067836761475e-01
9.506732225418090820e-03
1.019012629985809326e-01
-2.467147111892700195e-01
1.777824759483337402e-02
-2.310276031494140625e-02
-1.860191822052001953e-01
-5.136500597000122070e-01
-4.621592164039611816e-01
-5.374041795730590820e-01
-5.273634195327758789e-01
-4.553080797195434570e-01
-1.399696826934814453e+00
-2.596885204315185547e+00
-1.080059409141540527e+00
-3.981085419654846191e-01
-9.090845584869384766e-01
-5.007150173187255859e-01
-5.160859823226928711e-01
6.427803635597229004e-02
7.729916572570800781e-01
7.726457118988037109e-01
2.368395328521728516e-01
8.108194470405578613e-01
6.252270936965942383e-01
4.751343429088592529e-01
3.375607728958129883e-01
-6.853091716766357422e-02
1.798820495605468750e-02
6.363719701766967773e-02
-2.385803461074829102e-01
-2.311327457427978516e+00
-9.910087585449218750e-01
-1.069319605827331543e+00
-1.487677454948425293e+00
-7.324730157852172852e-01
-1.157547950744628906e+00
-2.512315511703491211e-01
-1.015856504440307617e+00
-5.716871023178100586e-01
-1.881968379020690918e-01
2.145117521286010742e-02
3.894591331481933594e-02
-4.495960474014282227e-02
-5.729961395263671875e-02
-3.888558149337768555e-01
-5.535523891448974609e-01
-2.564340233802795410e-01
-1.455858945846557617e-01
4.440536499023437500e-01
1.457818150520324707e-01
-4.612505435943603516e-02
-8.352574110031127930e-01
-2.721842527389526367e-01
-4.597518444061279297e-01
7.685244083404541016e-03
1.134612858295440674e-01
1.412440538406372070e-01
1.620924472808837891e-01
2.952069044113159180e-03
-4.417540431022644043e-01
1.248118281364440918e-02
2.253222465515136719e-01
6.262287497520446777e-02
-2.392241954803466797e-01
1.768907904624938965e-02
3.016224205493927002e-01
1.689615249633789062e-01
1.661832630634307861e-01
8.202202320098876953e-01
8.615761995315551758e-01
6.397830843925476074e-01
6.707994937896728516e-01
7.433527112007141113e-01
-2.300559878349304199e-01
2.008359730243682861e-01
-2.506212592124938965e-01
-4.103953838348388672e-01
-9.095445871353149414e-01
2.393503487110137939e-01
4.973232746124267578e-03
1.292951107025146484e-01
2.796046733856201172e-01
-5.153764486312866211e-01
-9.853113889694213867e-01
-7.943757772445678711e-01
-5.256415605545043945e-01
-2.685306668281555176e-01
3.070472478866577148e-01
3.544238209724426270e-01
7.332469224929809570e-01
6.809593439102172852e-01
3.547549247741699219e-01
2.969718277454376221e-01
6.454804539680480957e-01
6.246519684791564941e-01
6.761004924774169922e-01
8.540817499160766602e-01
1.051691412925720215e+00
9.996029138565063477e-01
1.090265274047851562e+00
1.098250627517700195e+00
6.477195024490356445e-01
9.463438987731933594e-01
9.289861917495727539e-01
8.440860509872436523e-01
1.052875041961669922e+00
1.087365388870239258e+00
6.608081459999084473e-01
9.985265731811523438e-01
9.688134789466857910e-01
6.673967838287353516e-01
6.886320710182189941e-01
9.012678861618041992e-01
8.347685337066650391e-01
9.885662794113159180e-01
9.037732481956481934e-01
5.913745164871215820e-01
6.051989793777465820e-01
9.055740833282470703e-01
9.495061039924621582e-01
3.937021195888519287e-01
9.664759039878845215e-01
1.214949965476989746e+00
1.309301018714904785e+00
1.374661564826965332e+00
1.272981047630310059e+00
1.380090355873107910e+00
1.462682247161865234e+00
1.226727962493896484e+00
1.460592031478881836e+00
7.663487195968627930e-01
1.259871482849121094e+00
1.259754657745361328e+00
7.994859218597412109e-01
8.277163505554199219e-01
-4.685177803039550781e-01
2.375297546386718750e-01
4.779481589794158936e-01
5.628198385238647461e-01
-2.142960309982299805e+00
-1.492737650871276855e+00
-1.041214346885681152e+00
-3.988791108131408691e-01
-9.852734804153442383e-01
-1.562074661254882812e+00
-1.145419955253601074e+00
-6.626698970794677734e-01
-7.695527076721191406e-01
-1.374203920364379883e+00
-6.798648834228515625e-01
-8.495142459869384766e-01
-3.671385049819946289e-01
-8.155496120452880859e-01
-1.372453570365905762e+00
-8.390139341354370117e-01
-9.724940061569213867e-01
-1.516596078872680664e+00
-2.079674243927001953e+00
-2.585649251937866211e+00
-1.646744251251220703e+00
-2.383690118789672852e+00
-2.324005603790283203e+00
-2.508022308349609375e+00
-1.381006121635437012e+00
-1.046194672584533691e+00
-5.499346256256103516e-01
-1.303437471389770508e+00
2.341425418853759766e-02
-5.854419469833374023e-01
-2.636323690414428711e+00
-1.316490888595581055e+00
-1.681411266326904297e-02
-1.536810636520385742e+00
-1.772421836853027344e+00
-1.521489858627319336e+00
-7.671799659729003906e-01
-1.604885458946228027e-01
7.862687110900878906e-02
6.820893287658691406e-02
8.409917354583740234e-03
-1.426802873611450195e-01
-3.795185089111328125e-01
-1.048312187194824219e-01
2.969358861446380615e-01
-8.259582519531250000e-02
2.188258767127990723e-01
5.686056613922119141e-01
7.687546014785766602e-01
3.650108575820922852e-01
4.738216400146484375e-01
6.262896656990051270e-01
1.087645292282104492e+00
9.214825630187988281e-01
8.467750549316406250e-01
1.236374139785766602e+00
2.561189532279968262e-01
-1.206664085388183594e+00
-2.728133440017700195e+00
-6.211913824081420898e-01
3.457586169242858887e-01
3.193605542182922363e-01
-3.349766731262207031e-01
2.751269340515136719e-01
-2.715827703475952148e+00
-8.774473667144775391e-01
-3.515958786010742188e-03
6.877078413963317871e-01
1.122522711753845215e+00
1.154302716255187988e+00
1.122455596923828125e+00
-8.534920215606689453e-02
-9.030472040176391602e-01
-9.381883144378662109e-01
-8.988354206085205078e-01
-1.530313014984130859e+00
-2.575759172439575195e+00
-4.618521332740783691e-01
-5.726932287216186523e-01
-3.420467376708984375e-01
3.197588920593261719e-01
-2.641534209251403809e-01
5.278187394142150879e-01
1.440461277961730957e-01
-4.868304729461669922e-02
6.504195928573608398e-02
6.508437991142272949e-01
-1.432419538497924805e+00
-2.712685823440551758e+00
-1.181149601936340332e+00
7.911947369575500488e-02
-5.004906654357910156e-02
4.429729878902435303e-01
2.498656511306762695e-01
6.258698701858520508e-01
9.478378295898437500e-01
9.500173330307006836e-01
1.937030315399169922e+00
1.053884506225585938e+00
-1.697108030319213867e+00
-5.724772214889526367e-01
1.244001388549804688e-01
8.420500755310058594e-01
1.328955888748168945e+00
-1.413248538970947266e+00
3.514548540115356445e-01
8.289895653724670410e-01
2.636213898658752441e-01
-5.465005636215209961e-01
-9.816740751266479492e-01
-1.864541292190551758e+00
-1.084109067916870117e+00
-3.978515267372131348e-01
5.010315775871276855e-01
9.837479591369628906e-01
1.228488206863403320e+00
1.029628276824951172e+00
1.391597628593444824e+00
-2.124835014343261719e+00
-3.481565117835998535e-01
-6.792297363281250000e-01
-1.757271766662597656e+00
2.133076786994934082e-01
6.892890930175781250e-01
9.258913993835449219e-01
7.575141191482543945e-01
7.571233510971069336e-01
-2.737753391265869141e+00
-1.063424229621887207e+00
-1.120725035667419434e+00
-4.800375699996948242e-01
4.047425985336303711e-01
-4.365853071212768555e-01
4.406436085700988770e-01
-3.250448107719421387e-01
6.223857998847961426e-01
-4.241463541984558105e-01
4.796897172927856445e-01
5.889721512794494629e-01
-2.449851036071777344e-01
9.457963705062866211e-02
5.020759105682373047e-01
-2.416734695434570312e-01
-2.539571523666381836e-01
7.255378365516662598e-02
5.884162187576293945e-01
-9.060711860656738281e-01
1.500830054283142090e-02
9.609949588775634766e-02
6.518397927284240723e-01
4.537431597709655762e-01
3.152978122234344482e-01
2.718990445137023926e-01
1.056653261184692383e-01
8.738231658935546875e-02
-2.163865566253662109e-01
2.613283991813659668e-01
2.088662087917327881e-01
2.834722399711608887e-01
5.507248640060424805e-01
7.035421133041381836e-01
8.868490457534790039e-01
7.338355779647827148e-01
-1.666641831398010254e-01
3.229689002037048340e-01
1.857477426528930664e-01
1.452945172786712646e-01
1.367156505584716797e-01
2.549211382865905762e-01
4.135492444038391113e-02
1.224144399166107178e-01
2.072470784187316895e-01
2.769235074520111084e-01
4.623087346553802490e-01
4.014272689819335938e-01
1.468385457992553711e-01
5.269641280174255371e-01
6.385101675987243652e-01
4.177830815315246582e-01
6.430895328521728516e-01
7.381863594055175781e-01
7.439904808998107910e-01
7.340622544288635254e-01
-1.170527935028076172e-02
2.744671702384948730e-01
-1.111973524093627930e-01
1.854515671730041504e-01
1.976094841957092285e-01
-4.470777511596679688e-02
-1.226805448532104492e+00
-6.872507333755493164e-01
-4.543852806091308594e-01
-1.073307633399963379e+00
-1.823488235473632812e+00
-6.832996606826782227e-01
-6.458886861801147461e-01
-7.835234403610229492e-01
1.516136229038238525e-01
6.557738780975341797e-02
-8.634399175643920898e-01
-2.563502550125122070e+00
-9.554402828216552734e-01
-1.849746108055114746e-01
2.232730686664581299e-01
3.593655228614807129e-01
-3.342613577842712402e-01
2.864015102386474609e-01
-4.753172397613525391e-02
-3.062939643859863281e-02
1.967907547950744629e-01
-4.568616151809692383e-01
-1.281108260154724121e-01
-1.414524316787719727e-01
-2.630473971366882324e-01
-1.927949190139770508e-01
1.316073238849639893e-01
2.733236551284790039e-01
1.113317608833312988e-01
4.688577651977539062e-01
1.596765220165252686e-01
2.614902257919311523e-01
-2.323142886161804199e-01
-1.503918170928955078e-01
-8.948959112167358398e-01
-1.118684649467468262e+00
-5.972226858139038086e-01
1.108481287956237793e-01
2.486435472965240479e-01
1.263692080974578857e-01
1.317715942859649658e-01
1.529314815998077393e-01
3.192094266414642334e-01
3.688110709190368652e-01
5.332446098327636719e-01
7.479726672172546387e-01
5.859683156013488770e-01
6.641127467155456543e-01
5.136911869049072266e-01
3.800574541091918945e-01
5.812342762947082520e-01
3.330115079879760742e-01
1.224320828914642334e-01
1.599229872226715088e-01
4.363994598388671875e-01
1.902019977569580078e-01
2.840833067893981934e-01
-1.889770627021789551e-01
-1.976178288459777832e-01
2.190163731575012207e-02
-1.041441559791564941e-01
-4.111041426658630371e-01
-9.361922740936279297e-02
2.990562319755554199e-01
2.209694981575012207e-01
2.572510540485382080e-01
4.635093510150909424e-01
1.581288576126098633e-01
2.022015452384948730e-01
-3.262716531753540039e-01
-1.975504755973815918e-01
-3.060207962989807129e-01
1.735309660434722900e-01
4.743859767913818359e-01
4.641255438327789307e-01
4.929795861244201660e-01
6.277937889099121094e-01
3.563998937606811523e-01
-1.255155205726623535e-01
-1.355770826339721680e-01
4.000706970691680908e-01
3.441406488418579102e-01
-1.986438632011413574e-01
-1.419034600257873535e-01
-4.888460636138916016e-01
-8.745622634887695312e-02
3.658565580844879150e-01
-1.185697317123413086e-01
-9.209957122802734375e-01
-6.675138473510742188e-01
2.726696133613586426e-01
5.101116895675659180e-01
1.700875163078308105e-01
5.698965787887573242e-01
7.655880451202392578e-01
6.502497792243957520e-01
5.608527064323425293e-01
-2.144867658615112305e+00
-8.015462160110473633e-01
-1.407744884490966797e+00
-2.175950050354003906e+00
-1.399245262145996094e+00
-7.955043315887451172e-01
-6.456502676010131836e-01
8.635085821151733398e-02
2.241465151309967041e-01
1.546834707260131836e-01
1.881547868251800537e-01
-2.815012931823730469e-01
-8.017868995666503906e-01
-1.803869009017944336e-01
-9.057191610336303711e-01
-6.733230352401733398e-01
-1.771063327789306641e+00
-1.660296916961669922e+00
-1.513683557510375977e+00
-1.704447746276855469e+00
-1.319914221763610840e+00
-7.493211030960083008e-01
-1.327191710472106934e+00
-1.738750219345092773e+00
-7.955770492553710938e-01
-2.287569999694824219e+00
-1.172457218170166016e+00
-7.646934986114501953e-01
-1.125737786293029785e+00
-8.563339710235595703e-01
-4.049842953681945801e-01
5.959522724151611328e-02
1.941042840480804443e-01
1.560207307338714600e-01
2.898811101913452148e-01
3.929104804992675781e-01
-9.366303682327270508e-02
5.439677834510803223e-02
6.279707551002502441e-01
8.293719887733459473e-01
7.170256972312927246e-01
5.884664654731750488e-01
3.588021993637084961e-01
7.701283693313598633e-01
7.296928167343139648e-01
2.094540596008300781e-01
4.787726402282714844e-01
6.039769053459167480e-01
6.701825261116027832e-01
3.892920911312103271e-01
4.604141712188720703e-01
4.185397326946258545e-01
5.324634909629821777e-01
5.968689322471618652e-01
4.709268510341644287e-01
7.269452810287475586e-01
9.488323926925659180e-01
8.016911149024963379e-01
8.039010167121887207e-01
7.105470895767211914e-01
6.004682779312133789e-01
6.672794818878173828e-01
6.094688773155212402e-01
8.563150167465209961e-01
3.001326620578765869e-01
1.791316568851470947e-01
3.621664643287658691e-01
4.588353931903839111e-01
-3.266498446464538574e-01
-6.834300756454467773e-01
-1.152899265289306641e-01
3.866797983646392822e-01
8.894172906875610352e-01
4.472846388816833496e-01
-1.795972824096679688e+00
-1.007321476936340332e-01
6.047313809394836426e-01
8.482484221458435059e-01
2.176373004913330078e-01
5.078975558280944824e-01
4.171097278594970703e-01
4.042672514915466309e-01
1.515921056270599365e-01
4.285432100296020508e-01
6.324022412300109863e-01
5.114018321037292480e-01
4.082113504409790039e-01
1.003465652465820312e-01
-4.840917587280273438e-01
-5.449140071868896484e-01
-1.617472767829895020e-01
-1.161350250244140625e+00
-8.915293216705322266e-01
1.415447890758514404e-01
-5.130599737167358398e-01
-2.859446406364440918e-01
-2.182253003120422363e-01
3.874254226684570312e-02
2.943819165229797363e-01
-8.932029008865356445e-01
-5.926623344421386719e-01
3.190965652465820312e-01
-7.050960063934326172e-01
-2.039566993713378906e+00
-2.129728794097900391e+00
-7.483766078948974609e-01
-7.144132852554321289e-01
-7.490828037261962891e-01
-1.431099891662597656e+00
-1.050428748130798340e+00
-1.174810647964477539e+00
-5.824570655822753906e-01
-2.401168346405029297e+00
-2.093061923980712891e+00
-1.018475174903869629e+00
-4.090200066566467285e-01
-1.097364068031311035e+00
-7.264018058776855469e-02
1.415787637233734131e-01
3.410920500755310059e-02
3.446303904056549072e-01
4.837177097797393799e-01
3.962390720844268799e-01
5.743184089660644531e-01
8.226105570793151855e-02
-4.498189091682434082e-01
-9.406495094299316406e-01
-7.945529222488403320e-01
3.816145658493041992e-01
5.256844162940979004e-01
4.353855252265930176e-01
6.583490371704101562e-01
5.749247074127197266e-01
6.765409708023071289e-01
6.131044626235961914e-01
4.682853817939758301e-01
3.370283842086791992e-01
3.218510150909423828e-01
-7.966101169586181641e-03
3.723633289337158203e-02
2.443845868110656738e-01
5.478216409683227539e-01
7.513567209243774414e-01
3.306109607219696045e-01
1.095328330993652344e-01
-1.874047517776489258e-01
3.024086654186248779e-01
2.833189368247985840e-01
6.113076210021972656e-01
3.157023191452026367e-01
2.254718542098999023e-01
9.831339120864868164e-02
-1.454186439514160156e-02
-2.868080139160156250e-01
4.042381346225738525e-01
2.453308403491973877e-01
2.017894685268402100e-01
-3.329083919525146484e-01
2.411856055259704590e-01
4.038674533367156982e-01
-7.638376951217651367e-01
-2.069949388504028320e+00
-2.109413862228393555e+00
-1.846513986587524414e+00
-1.101064085960388184e+00
-1.115032196044921875e+00
-1.455816864967346191e+00
-7.693393230438232422e-01
1.200546920299530029e-01
-5.456885099411010742e-01
1.770316064357757568e-01
-2.322700738906860352e+00
-1.036771297454833984e+00
-1.094967722892761230e+00
-1.479722857475280762e-01
2.970460653305053711e-01
1.741005778312683105e-01
-1.216926813125610352e+00
-1.800201654434204102e+00
-4.211779236793518066e-01
-6.183768510818481445e-01
-2.706712007522583008e+00
-1.583523750305175781e+00
-3.215411305427551270e-01
2.070546150207519531e-03
-8.840390443801879883e-01
-1.529092550277709961e+00
-1.243951082229614258e+00
-9.755672216415405273e-01
-2.147031068801879883e+00
-1.425283551216125488e+00
-1.900410175323486328e+00
-1.133891940116882324e+00
-9.498740434646606445e-01
-9.651496410369873047e-01
-1.841056942939758301e-01
-6.178517341613769531e-01
-3.682063817977905273e-01
-5.275839567184448242e-01
-6.207368373870849609e-01
-6.600131988525390625e-01
-2.931610345840454102e-01
-3.585201501846313477e-02
2.497205138206481934e-01
-1.494360566139221191e-01
3.330091238021850586e-01
2.573940753936767578e-01
3.331953287124633789e-01
5.777795910835266113e-01
5.442197322845458984e-01
-1.468383073806762695e-01
3.957681357860565186e-01
4.633036255836486816e-01
1.430364847183227539e-01
-6.365137100219726562e-01
-1.190471053123474121e+00
-3.899781703948974609e-01
1.829669773578643799e-01
1.104646623134613037e-01
1.469324231147766113e-01
4.537119567394256592e-01
2.829218506813049316e-01
4.540595412254333496e-01
5.188052654266357422e-01
9.339694976806640625e-01
3.645188808441162109e-01
6.791771650314331055e-01
9.144583940505981445e-01
5.216127634048461914e-02
-5.473392009735107422e-01
4.432460665702819824e-01
6.982849240303039551e-01
4.497665166854858398e-01
3.304994404315948486e-01
-1.610546112060546875e-01
-5.583549737930297852e-01
-1.394803762435913086e+00
-3.320369720458984375e-01
-2.022421360015869141e-02
1.796489655971527100e-01
2.934015989303588867e-01
-5.873134136199951172e-01
-1.948843479156494141e+00
-2.582290649414062500e+00
-1.992117643356323242e+00
-5.440844297409057617e-01
-7.391829490661621094e-01
-2.043699264526367188e+00
-1.847290515899658203e+00
-7.479426860809326172e-01
-6.051772832870483398e-01
-7.441499233245849609e-01
-1.012817740440368652e+00
-1.551110744476318359e+00
-3.080238699913024902e-01
-5.178611278533935547e-01
-2.838681340217590332e-01
2.313427031040191650e-01
4.486825168132781982e-01
3.473310470581054688e-01
2.215941548347473145e-01
6.546170711517333984e-01
9.958378076553344727e-01
7.010371685028076172e-01
8.429185152053833008e-01
7.367249727249145508e-01
7.169772386550903320e-01
7.542163133621215820e-01
8.201130628585815430e-01
4.628375768661499023e-01
-1.148666501045227051e+00
-6.219553947448730469e-02
2.887740731239318848e-01
4.199294447898864746e-01
3.467809557914733887e-01
5.147317051887512207e-01
8.868863582611083984e-01
7.453230619430541992e-01
5.159554481506347656e-01
1.874795258045196533e-01
4.399222731590270996e-01
6.351703405380249023e-01
8.234770298004150391e-01
7.378472089767456055e-01
6.617255210876464844e-01
1.083247900009155273e+00
1.190653562545776367e+00
1.333462595939636230e+00
1.322016954421997070e+00
1.171708583831787109e+00
1.154714107513427734e+00
8.320282101631164551e-01
6.862657666206359863e-01
4.396238923072814941e-02
-7.001048326492309570e-02
-1.896411776542663574e-01
-2.279045581817626953e-01
-1.669585704803466797e-03
5.623802542686462402e-01
5.869114995002746582e-01
2.349557280540466309e-01
2.186520099639892578e-01
1.997174620628356934e-01
4.730076789855957031e-01
4.070304632186889648e-01
4.089009761810302734e-01
4.083423614501953125e-01
2.914215326309204102e-01
5.563452839851379395e-01
4.651858210563659668e-01
5.763936638832092285e-01
7.134629487991333008e-01
5.818756818771362305e-01
2.773355841636657715e-01
-6.462852954864501953e-01
-7.336871623992919922e-01
4.181835055351257324e-02
2.515035867691040039e-01
-4.581997990608215332e-01
4.107487201690673828e-02
2.214845418930053711e-01
3.451842665672302246e-01
2.853823900222778320e-01
3.424285054206848145e-01
6.684007644653320312e-01
7.013347148895263672e-01
4.962339699268341064e-01
-1.647052764892578125e-01
-3.982902765274047852e-01
-2.547740936279296875e-03
2.324705421924591064e-01
-8.812272548675537109e-02
1.936769187450408936e-01
3.320357799530029297e-01
2.967141270637512207e-01
3.575127720832824707e-01
1.807859539985656738e-02
3.096848130226135254e-01
5.321604013442993164e-01
4.089716970920562744e-01
5.817773342132568359e-01
6.414337754249572754e-01
3.950124680995941162e-01
6.004852056503295898e-01
6.237584948539733887e-01
5.832744836807250977e-01
7.570248246192932129e-01
8.904507756233215332e-01
5.523862838745117188e-01
4.287801384925842285e-01
3.285874128341674805e-01
6.598500609397888184e-01
6.969862580299377441e-01
2.251947522163391113e-01
-8.102878332138061523e-01
-2.148795127868652344e-02
3.101931810379028320e-01
2.595652341842651367e-01
2.415049672126770020e-01
2.162752151489257812e-01
1.123695373535156250e-01
1.172762811183929443e-01
2.345684468746185303e-01
4.418992996215820312e-01
5.734069347381591797e-01
4.018842577934265137e-01
5.611603856086730957e-01
1.974958181381225586e-02
-4.185612201690673828e-01
-4.804508090019226074e-01
-1.167430162429809570e+00
-2.064109086990356445e+00
-1.182931303977966309e+00
-1.759406328201293945e-01
1.259461641311645508e-01
1.433259844779968262e-01
6.115657091140747070e-02
4.452649950981140137e-01
2.933213710784912109e-01
3.683062791824340820e-01
7.528979182243347168e-01
-8.891205787658691406e-01
2.052055001258850098e-01
2.012318074703216553e-01
-4.440374970436096191e-01
-2.910667657852172852e-02
2.300634682178497314e-01
1.849463284015655518e-01
2.906950712203979492e-01
4.468329250812530518e-01
3.559306263923645020e-01
4.448872804641723633e-01
8.075284957885742188e-01
9.712561964988708496e-02
3.397988677024841309e-01
5.058932304382324219e-01
5.746485590934753418e-01
1.597081124782562256e-01
1.340356171131134033e-01
2.596295177936553955e-01
4.004942178726196289e-01
2.448751628398895264e-01
4.497775435447692871e-01
6.838181018829345703e-01
4.278370738029479980e-01
6.679348945617675781e-01
6.055291891098022461e-01
4.696708917617797852e-01
6.945104598999023438e-01
8.113422393798828125e-01
7.710553407669067383e-01
4.128662049770355225e-01
2.847322821617126465e-01
4.656631350517272949e-01
2.521774172782897949e-01
-1.645101308822631836e-01
-3.906746506690979004e-01
-5.116057395935058594e-02
1.386934518814086914e-01
3.115437030792236328e-01
-7.740598917007446289e-02
1.531206071376800537e-01
3.907829523086547852e-01
5.817034244537353516e-01
5.605879426002502441e-01
5.315222144126892090e-01
6.287669539451599121e-01
5.891132354736328125e-01
-3.371357917785644531e-02
2.990491986274719238e-01
4.103855490684509277e-01
5.527354478836059570e-01
5.026897788047790527e-01
3.188937902450561523e-01
-3.347535729408264160e-01
-3.046673536300659180e-01
-1.415314793586730957e+00
-2.250013113021850586e+00
-1.405207037925720215e+00
-2.485677003860473633e-01
1.321215331554412842e-01
-4.418015480041503906e-01
-3.136545419692993164e-01
7.671117782592773438e-03
2.469097673892974854e-01
3.995205760002136230e-01
7.611509561538696289e-01
8.430998325347900391e-01
5.268262624740600586e-01
6.479125618934631348e-01
4.536803364753723145e-01
7.680673599243164062e-01
8.713496923446655273e-01
1.084520101547241211e+00
5.948615074157714844e-01
9.462789297103881836e-01
5.941165685653686523e-01
3.012762963771820068e-01
2.806528806686401367e-01
3.548474013805389404e-01
2.704112827777862549e-01
5.653971433639526367e-01
6.566199064254760742e-01
4.103468358516693115e-01
2.722929716110229492e-01
4.172481298446655273e-01
2.829113006591796875e-01
2.976520657539367676e-01
2.689263224601745605e-01
5.547274947166442871e-01
4.606464803218841553e-01
4.315871000289916992e-02
-1.896202564239501953e-03
3.599002957344055176e-01
5.754488706588745117e-01
3.937846124172210693e-01
2.693395614624023438e-01
-2.723954916000366211e-01
-2.294412255287170410e-01
-2.027037143707275391e-01
4.318699836730957031e-01
5.743753910064697266e-01
5.905322432518005371e-01
4.996721446514129639e-01
2.558813691139221191e-01
-1.747466921806335449e-01
-7.795425653457641602e-01
-1.239952683448791504e+00
-1.382109761238098145e+00
-2.344793558120727539e+00
-2.668918848037719727e+00
-2.725816726684570312e+00
-1.906721830368041992e+00
-1.228018999099731445e+00
-1.222332954406738281e+00
-1.207321524620056152e+00
-1.976743698120117188e+00
-2.688421964645385742e+00
-2.893075227737426758e+00
-2.288824796676635742e+00
-1.712269544601440430e+00
-1.764710903167724609e+00
-1.847999334335327148e+00
-1.796869754791259766e+00
-1.749972820281982422e+00
-2.170491218566894531e+00
-2.378638505935668945e+00
-2.484284162521362305e+00
-1.896883010864257812e+00
-2.427695274353027344e+00
-2.022756338119506836e+00
-1.560568809509277344e+00
-1.243486285209655762e+00
-1.312597870826721191e+00
-1.288356781005859375e+00
-1.749231100082397461e+00
-2.418879747390747070e+00
-2.353159666061401367e+00
-2.422195911407470703e+00
-1.928591489791870117e+00
-1.596648693084716797e+00
-1.640866041183471680e+00
-1.141785979270935059e+00
-9.079051017761230469e-01
-7.995694875717163086e-01
-5.670145750045776367e-01
-6.052266359329223633e-01
-1.891818523406982422e+00
-2.599113583564758301e-01
-1.002468466758728027e-01
-2.406881451606750488e-01
-1.283183574676513672e+00
-2.411101341247558594e+00
-1.137326002120971680e+00
-1.067210435867309570e-01
-1.575984358787536621e-01
-4.244818091392517090e-01
-6.402332782745361328e-01
-8.656939268112182617e-01
-1.374596953392028809e-01
1.740701198577880859e-01
-7.220996618270874023e-01
-8.677418231964111328e-01
-8.598935604095458984e-01
-1.226447105407714844e+00
-7.871642112731933594e-01
-6.204231977462768555e-01
-4.198041558265686035e-01
-5.755865573883056641e-02
-5.347353219985961914e-02
1.744931936264038086e-01
-1.011841535568237305e+00
-1.152976989746093750e+00
-1.301317930221557617e+00
-2.505855321884155273e+00
-7.223414182662963867e-01
-1.238109588623046875e+00
-6.564009189605712891e-01
-5.989565849304199219e-01
-5.508759021759033203e-01
-2.797064065933227539e+00
-1.745153188705444336e+00
-9.791266918182373047e-01
-1.037120342254638672e+00
-2.187792539596557617e+00
-1.697582721710205078e+00
-1.749864578247070312e+00
-1.158957123756408691e+00
-6.103048324584960938e-01
-9.226832389831542969e-01
-1.677996635437011719e+00
-2.477175951004028320e+00
-2.845066547393798828e+00
-1.122761964797973633e+00
-1.390369534492492676e-01
-8.196985721588134766e-02
-1.002978920936584473e+00
-1.050982475280761719e-01
3.037920594215393066e-01
4.408339858055114746e-01
-2.391934394836425781e-04
6.155989170074462891e-01
-5.573958158493041992e-01
-8.124598264694213867e-01
-1.313543796539306641e+00
-2.394171476364135742e+00
-1.671938419342041016e+00
-1.284972310066223145e+00
-2.962312102317810059e-01
-5.724468231201171875e-01
-4.094685912132263184e-01
-4.208916425704956055e-01
-4.646718502044677734e-03
-5.656579732894897461e-01
-8.332077264785766602e-01
-5.499347448348999023e-01
1.709469854831695557e-01
9.045019745826721191e-02
3.200161755084991455e-01
1.406993269920349121e-01
6.775764226913452148e-01
4.271902740001678467e-01
7.671819329261779785e-01
7.692472934722900391e-01
-1.006227731704711914e-01
1.827924251556396484e-01
-4.638361334800720215e-01
-2.083772420883178711e-01
-4.904120564460754395e-01
-1.443778276443481445e-01
4.866180419921875000e-01
7.920224666595458984e-01
5.278525352478027344e-01
-6.022751331329345703e-03
5.607820153236389160e-01
-3.239727020263671875e-02
1.288008987903594971e-01
-1.576168298721313477e+00
-2.062004208564758301e-01
2.197292745113372803e-01
2.466915547847747803e-01
6.957920193672180176e-01
8.383809328079223633e-01
8.461374044418334961e-01
6.534246206283569336e-01
8.014398813247680664e-01
8.078837394714355469e-01
4.597980082035064697e-01
3.482886850833892822e-01
7.527014017105102539e-01
7.903660535812377930e-01
6.875900030136108398e-01
6.058449149131774902e-01
6.882808804512023926e-01
9.498586654663085938e-01
7.587026357650756836e-01
7.364098429679870605e-01
5.700237154960632324e-01
-4.264820218086242676e-01
7.458771467208862305e-01
9.330958127975463867e-01
8.396273255348205566e-01
5.189511775970458984e-01
-4.912949204444885254e-01
2.182299196720123291e-01
2.521275877952575684e-01
7.369625568389892578e-01
3.069495260715484619e-01
3.970451653003692627e-01
-6.605323553085327148e-01
1.046846210956573486e-01
5.943874120712280273e-01
6.808041334152221680e-01
6.019504070281982422e-01
5.595541000366210938e-01
7.583511471748352051e-01
5.018472075462341309e-01
4.601058065891265869e-01
7.276871800422668457e-01
9.404528141021728516e-01
1.018153429031372070e+00
1.021188735961914062e+00
8.435101509094238281e-01
6.851750612258911133e-01
3.004280328750610352e-01
4.883841574192047119e-01
-2.000295519828796387e-01
-1.968901753425598145e-01
1.044110178947448730e+00
1.213422775268554688e+00
1.525518298149108887e+00
1.643118619918823242e+00
1.668769001960754395e+00
1.634173154830932617e+00
-4.280783534049987793e-01
-2.978404521942138672e+00
-2.828621387481689453e+00
2.981606721878051758e-01
1.287569522857666016e+00
1.469368457794189453e+00
1.495737195014953613e+00
6.518039107322692871e-01
1.468544483184814453e+00
1.643633008003234863e+00
1.339526057243347168e+00
1.338883399963378906e+00
1.453875780105590820e+00
1.332800149917602539e+00
6.380176544189453125e-01
6.847934126853942871e-01
9.357780218124389648e-01
1.280579566955566406e+00
1.154758572578430176e+00
1.064785122871398926e+00
7.033435106277465820e-01
7.726362347602844238e-02
-5.233371257781982422e-01
-1.469986438751220703e+00
-2.544582128524780273e+00
-6.714311838150024414e-01
3.939807713031768799e-01
6.737731695175170898e-01
7.181240320205688477e-01
3.684641718864440918e-01
3.356879055500030518e-01
9.755711555480957031e-01
1.327884674072265625e+00
8.577518463134765625e-01
6.944683194160461426e-02
-1.045250415802001953e+00
1.664500534534454346e-01
4.512430429458618164e-01
5.323596000671386719e-01
5.964446067810058594e-01
1.185452938079833984e+00
1.333242535591125488e+00
9.289964437484741211e-01
1.130729556083679199e+00
1.176171541213989258e+00
9.021129012107849121e-01
9.880821108818054199e-01
6.468204259872436523e-01
5.712629556655883789e-01
4.973784685134887695e-01
3.642392754554748535e-01
5.513057112693786621e-01
8.689219951629638672e-01
1.110279917716979980e+00
9.589200019836425781e-01
6.457965373992919922e-01
3.800384402275085449e-01
7.670853137969970703e-01
1.441451191902160645e+00
1.513283371925354004e+00
1.435842156410217285e+00
1.484478712081909180e+00
1.345229864120483398e+00
1.115652441978454590e+00
1.033651590347290039e+00
8.363485932350158691e-01
-4.024189710617065430e-02
1.761712133884429932e-01
8.086172342300415039e-01
-2.006019353866577148e-01
1.132839918136596680e-01
1.004697680473327637e-01
1.152596712112426758e+00
7.857047319412231445e-01
-2.825676202774047852e+00
-1.059189438819885254e+00
2.940152287483215332e-01
8.486965298652648926e-01
1.004760146141052246e+00
9.059084653854370117e-01
4.544037580490112305e-01
7.803283929824829102e-01
9.463818073272705078e-01
9.111835360527038574e-01
4.547915458679199219e-01
3.305254876613616943e-01
-2.524983882904052734e-02
3.892093896865844727e-03
3.955158591270446777e-02
-3.682851791381835938e-03
-2.202898263931274414e-01
4.235083758831024170e-01
-1.148967146873474121e-01
-1.063592433929443359e-01
4.672325253486633301e-01
6.733814477920532227e-01
1.771049797534942627e-01
-5.938074588775634766e-01
1.387095153331756592e-01
-7.901777029037475586e-01
-4.772863984107971191e-01
2.154818177223205566e-02
3.777602314949035645e-02
2.453853189945220947e-01
4.611068665981292725e-01
4.800708889961242676e-01
3.585655689239501953e-01
-7.092565298080444336e-02
3.664151430130004883e-01
-1.495016813278198242e-01
-7.956635951995849609e-02
3.292424082756042480e-01
4.653458297252655029e-01
7.809402346611022949e-01
6.752464771270751953e-01
9.865611791610717773e-01
7.619570493698120117e-01
2.140222489833831787e-01
5.169494152069091797e-01
-4.330713152885437012e-01
-1.989793181419372559e-01
2.518845200538635254e-01
